0 0.35390625 0.55234375 0.034375 0.11484375
0 0.9515625 0.7078125 0.05625 0.1625
0 0.80390625 0.70625 0.0453125 0.18984375
0 0.075 0.58203125 0.0359375 0.10625
0 0.7375 0.70546875 0.04375 0.16328125
0 0.109375 0.49921875 0.03984375 0.096875
0 0.7734375 0.7015625 0.03671875 0.171875
0 0.24921875 0.625 0.025 0.05546875
0 0.1359375 0.6609375 0.04921875 0.0609375
0 0.30234375 0.4671875 0.02734375 0.10234375
0 0.83203125 0.696875 0.03671875 0.1578125
0 0.490625 0.50390625 0.0359375 0.0796875
0 0.55078125 0.51015625 0.02890625 0.07421875
0 0.26015625 0.51328125 0.0390625 0.071875
0 0.2765625 0.63671875 0.0234375 0.03828125
0 0.62421875 0.46015625 0.03359375 0.10078125
0 0.52734375 0.51015625 0.0234375 0.06171875
0 0.4015625 0.525 0.03984375 0.06484375
0 0.68046875 0.40078125 0.03203125 0.059375
0 0.21171875 0.6578125 0.046875 0.08359375
0 0.5765625 0.53828125 0.0375 0.11640625
0 0.13125 0.58515625 0.01953125 0.04921875
0 0.2203125 0.50859375 0.03125 0.06015625
0 0.48046875 0.6 0.0453125 0.08828125
0 0.546875 0.39296875 0.02578125 0.109375
0 0.23671875 0.4296875 0.02421875 0.0671875
0 0.29375 0.4015625 0.021875 0.07421875
0 0.3171875 0.409375 0.01796875 0.0703125
0 0.33671875 0.41953125 0.02421875 0.06796875
0 0.38359375 0.4 0.015625 0.06796875
0 0.39765625 0.43515625 0.02734375 0.05859375
0 0.3703125 0.45078125 0.02578125 0.046875
0 0.390625 0.45703125 0.0296875 0.05703125
0 0.3828125 0.49296875 0.0265625 0.05
0 0.346875 0.50078125 0.040625 0.071875
0 0.29921875 0.54453125 0.046875 0.07109375
0 0.20078125 0.5078125 0.03828125 0.06796875
0 0.10625 0.58515625 0.03671875 0.0734375
0 0.16796875 0.628125 0.03828125 0.0765625
0 0.153125 0.6234375 0.03203125 0.06484375
0 0.465625 0.47265625 0.0359375 0.0640625
0 0.44609375 0.4796875 0.03046875 0.05625
0 0.44140625 0.41640625 0.0203125 0.07578125
0 0.46640625 0.40390625 0.021875 0.07578125
0 0.525 0.4 0.025 0.096875
0 0.60390625 0.5609375 0.03828125 0.07578125
0 0.628125 0.55546875 0.03671875 0.0796875
0 0.64765625 0.43671875 0.02109375 0.0703125
0 0.68984375 0.44921875 0.0265625 0.09296875
0 0.68515625 0.7265625 0.03359375 0.1828125
0 0.66640625 0.76796875 0.03046875 0.12109375
0 0.703125 0.73515625 0.021875 0.071875
0 0.58671875 0.68515625 0.03203125 0.15078125
0 0.86875 0.7140625 0.04140625 0.16484375
0 0.85390625 0.778125 0.0328125 0.1484375
0 0.88828125 0.6671875 0.03203125 0.121875
0 0.0765625 0.4828125 0.01640625 0.07734375
0 0.10234375 0.44765625 0.02265625 0.05234375
0 0.12890625 0.41953125 0.01484375 0.08046875
0 0.1046875 0.41953125 0.015625 0.0609375
0 0.075 0.41328125 0.0203125 0.05703125
0 0.05625 0.4125 0.0203125 0.065625
0 0.0484375 0.4921875 0.01953125 0.10546875
0 0.06328125 0.4859375 0.0140625 0.06796875
0 0.175 0.43125 0.0265625 0.053125
0 0.18671875 0.44921875 0.0234375 0.075
0 0.21015625 0.425 0.01796875 0.0734375
0 0.38671875 0.596875 0.0546875 0.0859375
0 0.5109375 0.4140625 0.028125 0.07109375