0 0.33984375 0.66875 0.03125 0.0734375
0 0.60625 0.3921875 0.03046875 0.0453125
0 0.0265625 0.47109375 0.01875 0.05390625
0 0.49375 0.4890625 0.0328125 0.04375
0 0.18515625 0.403125 0.021875 0.05390625
0 0.27109375 0.521875 0.01640625 0.06953125
0 0.59453125 0.6703125 0.01953125 0.05390625
0 0.08359375 0.62421875 0.0296875 0.06875
0 0.14453125 0.6484375 0.021875 0.0859375
0 0.40078125 0.59609375 0.0453125 0.07421875
0 0.56640625 0.66328125 0.02734375 0.05703125
0 0.5453125 0.5453125 0.02265625 0.046875
0 0.1640625 0.64453125 0.02421875 0.06640625
0 0.265625 0.73125 0.0609375 0.16875
0 0.2046875 0.71484375 0.053125 0.13359375
0 0.32109375 0.5984375 0.05625 0.07265625
0 0.2203125 0.55 0.0296875 0.13828125
0 0.33828125 0.5234375 0.028125 0.08203125
0 0.31015625 0.53203125 0.03828125 0.08515625
0 0.42421875 0.5046875 0.04609375 0.0765625
0 0.39296875 0.4734375 0.0390625 0.0640625
0 0.36875 0.4859375 0.0265625 0.075
0 0.46953125 0.4109375 0.028125 0.08046875
0 0.4421875 0.40703125 0.0265625 0.07265625
0 0.4390625 0.3734375 0.028125 0.08984375
0 0.1859375 0.51328125 0.0359375 0.0734375
0 0.14921875 0.50703125 0.02734375 0.06796875
0 0.12109375 0.503125 0.040625 0.08203125
0 0.03984375 0.56875 0.03515625 0.09375
0 0.06015625 0.4171875 0.0296875 0.08671875
0 0.10703125 0.421875 0.0203125 0.11796875
0 0.08671875 0.40703125 0.02109375 0.0859375
0 0.12890625 0.41171875 0.0265625 0.090625
0 0.14765625 0.41640625 0.02109375 0.06875
0 0.16484375 0.42734375 0.02109375 0.06796875
0 0.2125 0.4125 0.025 0.09765625
0 0.23984375 0.4 0.02265625 0.09453125
0 0.26875 0.3890625 0.01640625 0.065625
0 0.29375 0.39921875 0.0171875 0.096875
0 0.31484375 0.390625 0.021875 0.06796875
0 0.3609375 0.37109375 0.02421875 0.065625
0 0.33359375 0.37890625 0.034375 0.075
0 0.3203125 0.4609375 0.0328125 0.0734375
0 0.2921875 0.45390625 0.03203125 0.071875
0 0.71171875 0.53203125 0.0421875 0.140625
0 0.67265625 0.540625 0.03515625 0.11171875
0 0.521875 0.55859375 0.0375 0.0796875
0 0.921875 0.721875 0.05859375 0.15390625