0 0.69296875 0.69765625 0.0515625 0.16953125
0 0.475 0.65078125 0.05703125 0.1234375
0 0.76328125 0.6875 0.0390625 0.15078125
0 0.653125 0.69453125 0.04921875 0.18125
0 0.3765625 0.65390625 0.03984375 0.11484375
0 0.25390625 0.64921875 0.034375 0.11953125
0 0.68046875 0.58046875 0.04375 0.09765625
0 0.075 0.58046875 0.03203125 0.109375
0 0.19140625 0.64609375 0.0296875 0.09921875
0 0.278125 0.6375 0.03203125 0.12265625
0 0.74375 0.53828125 0.0296875 0.0953125
0 0.4765625 0.6015625 0.05546875 0.07890625
0 0.3265625 0.653125 0.03828125 0.103125
0 0.3484375 0.54296875 0.02734375 0.08046875
0 0.2203125 0.65078125 0.03046875 0.07109375
0 0.14140625 0.653125 0.0421875 0.05234375
0 0.49140625 0.50078125 0.0359375 0.08125
0 0.1640625 0.625 0.03046875 0.07734375
0 0.7703125 0.53203125 0.02734375 0.1171875
0 0.9203125 0.68046875 0.02265625 0.01796875
0 0.396875 0.5890625 0.034375 0.0625
0 0.2578125 0.51953125 0.0359375 0.0671875
0 0.3046875 0.5453125 0.03203125 0.065625
0 0.54765625 0.54453125 0.03359375 0.14921875
0 0.12421875 0.584375 0.03125 0.05859375
0 0.221875 0.51015625 0.02890625 0.0640625
0 0.2015625 0.50390625 0.0328125 0.06328125
0 0.23671875 0.425 0.02578125 0.05703125
0 0.20859375 0.4140625 0.0203125 0.08046875
0 0.16796875 0.42109375 0.01484375 0.06640625
0 0.18125 0.42734375 0.02109375 0.04921875
0 0.15234375 0.415625 0.01953125 0.0734375
0 0.13515625 0.4171875 0.01875 0.084375
0 0.078125 0.47890625 0.021875 0.08203125
0 0.06484375 0.48125 0.01640625 0.0859375
0 0.1 0.41328125 0.01640625 0.0453125
0 0.0828125 0.4109375 0.015625 0.05703125
0 0.0453125 0.4140625 0.01640625 0.06484375
0 0.040625 0.48125 0.028125 0.07890625
0 0.10390625 0.584375 0.02109375 0.059375
0 0.60078125 0.55703125 0.03984375 0.0828125
0 0.6265625 0.55703125 0.03828125 0.08515625
0 0.5734375 0.546875 0.0265625 0.11796875
0 0.6765625 0.4046875 0.03515625 0.0765625
0 0.540625 0.4109375 0.028125 0.06953125
0 0.51328125 0.4140625 0.025 0.0734375
0 0.48125 0.38359375 0.02421875 0.06640625
0 0.45546875 0.38203125 0.0203125 0.06875
0 0.4375 0.40390625 0.0203125 0.090625
0 0.421875 0.38515625 0.025 0.0765625
0 0.3890625 0.4375 0.0203125 0.06171875
0 0.40234375 0.434375 0.0203125 0.05703125
0 0.3578125 0.48359375 0.021875 0.04140625
0 0.44375 0.4796875 0.02578125 0.05625
0 0.46796875 0.47734375 0.02734375 0.0671875
0 0.41015625 0.525 0.02890625 0.05703125
0 0.38671875 0.5265625 0.0265625 0.0578125
0 0.3671875 0.415625 0.02265625 0.07421875
0 0.7921875 0.67421875 0.02890625 0.13125
0 0.8421875 0.646875 0.040625 0.065625
0 0.528125 0.5171875 0.02578125 0.07890625
0 0.503125 0.3828125 0.02109375 0.06640625
0 0.63046875 0.70078125 0.0359375 0.165625
0 0.28046875 0.50859375 0.03515625 0.06953125
0 0.109375 0.65234375 0.0390625 0.06796875
0 0.35703125 0.6140625 0.0328125 0.12265625