0 0.2625 0.696875 0.04453125 0.14921875
0 0.303125 0.6578125 0.03046875 0.121875
0 0.1359375 0.653125 0.05625 0.0578125
0 0.6109375 0.696875 0.034375 0.09765625
0 0.07109375 0.58515625 0.02734375 0.11171875
0 0.5375 0.70703125 0.0453125 0.121875
0 0.57578125 0.4171875 0.0296875 0.10546875
0 0.365625 0.546875 0.0328125 0.10546875
0 0.96484375 0.71875 0.03984375 0.21171875
0 0.675 0.40390625 0.03125 0.06953125
0 0.5484375 0.49609375 0.0296875 0.08984375
0 0.2109375 0.659375 0.04765625 0.0890625
0 0.690625 0.46953125 0.02890625 0.084375
0 0.18125 0.41796875 0.02734375 0.0984375
0 0.696875 0.640625 0.05234375 0.06015625
0 0.1671875 0.62421875 0.03125 0.06796875
0 0.56796875 0.6984375 0.0359375 0.10625
0 0.10546875 0.5 0.028125 0.10078125
0 0.93046875 0.76484375 0.046875 0.15078125
0 0.7984375 0.65625 0.03125 0.09921875
0 0.5671875 0.53828125 0.03046875 0.115625
0 0.39609375 0.5484375 0.03828125 0.10234375
0 0.41484375 0.6796875 0.03828125 0.08203125
0 0.4921875 0.50546875 0.0375 0.08125
0 0.815625 0.6890625 0.0390625 0.05234375
0 0.5578125 0.38515625 0.02109375 0.065625
0 0.3078125 0.54609375 0.034375 0.0671875
0 0.6453125 0.6890625 0.04140625 0.09375
0 0.4953125 0.40078125 0.0265625 0.07421875
0 0.603125 0.55625 0.0375 0.08203125
0 0.628125 0.553125 0.0359375 0.084375
0 0.46484375 0.47890625 0.04140625 0.06328125
0 0.4453125 0.48125 0.02890625 0.06171875
0 0.390625 0.459375 0.02265625 0.06953125
0 0.365625 0.4625 0.02578125 0.06328125
0 0.3984375 0.43515625 0.0265625 0.05390625
0 0.4375 0.40703125 0.01796875 0.08125
0 0.45 0.3875 0.01484375 0.07109375
0 0.41953125 0.38984375 0.02421875 0.06875
0 0.39296875 0.37734375 0.0171875 0.05703125
0 0.37734375 0.3953125 0.02421875 0.05546875
0 0.346875 0.40625 0.02578125 0.0890625
0 0.23359375 0.42421875 0.02890625 0.0546875
0 0.2171875 0.50859375 0.040625 0.06328125
0 0.20234375 0.50859375 0.03203125 0.0671875
0 0.26328125 0.515625 0.0328125 0.06796875
0 0.0921875 0.56171875 0.02265625 0.09765625
0 0.12265625 0.58515625 0.03359375 0.06328125
0 0.084375 0.45078125 0.02421875 0.05078125
0 0.09609375 0.44375 0.025 0.0484375
0 0.12890625 0.41796875 0.02109375 0.0765625
0 0.1109375 0.40625 0.0171875 0.05546875
0 0.0921875 0.4125 0.015625 0.04609375
0 0.075 0.42890625 0.02109375 0.06328125
0 0.05859375 0.4296875 0.02421875 0.07734375
0 0.04921875 0.4484375 0.0296875 0.04296875
0 0.03984375 0.41875 0.01875 0.05234375
0 0.021875 0.425 0.01640625 0.0703125
0 0.03125 0.459375 0.01875 0.0375
0 0.47578125 0.60234375 0.04921875 0.0796875
0 0.5578125 0.65546875 0.0234375 0.103125
0 0.58515625 0.67734375 0.03359375 0.1265625
0 0.75625 0.6578125 0.0390625 0.07265625