0 0.7703125 0.8078125 0.09296875 0.35234375
0 0.8609375 0.70703125 0.05234375 0.17109375
0 0.60546875 0.80390625 0.06875 0.2796875
0 0.30234375 0.66171875 0.03671875 0.11953125
0 0.90234375 0.70859375 0.04609375 0.175
0 0.67734375 0.821875 0.071875 0.25625
0 0.08984375 0.6359375 0.03203125 0.0953125
0 0.40625 0.67734375 0.04765625 0.08125
0 0.48828125 0.70234375 0.03671875 0.13359375
0 0.1328125 0.6578125 0.05 0.0625
0 0.7234375 0.53984375 0.03515625 0.134375
0 0.51796875 0.40703125 0.02890625 0.0875
0 0.7578125 0.55 0.02578125 0.109375
0 0.8046875 0.53984375 0.03515625 0.06171875
0 0.490625 0.40703125 0.0234375 0.07734375
0 0.46484375 0.403125 0.03046875 0.0890625
0 0.6734375 0.403125 0.03125 0.06875
0 0.11171875 0.5 0.03203125 0.0953125
0 0.25625 0.65546875 0.03359375 0.08046875
0 0.05625 0.65390625 0.034375 0.0765625
0 0.49375 0.50546875 0.0359375 0.07734375
0 0.365625 0.5453125 0.03125 0.109375
0 0.30625 0.55234375 0.03828125 0.09765625
0 0.60390625 0.55703125 0.0421875 0.07109375
0 0.2125 0.65 0.0453125 0.07890625
0 0.4796875 0.6046875 0.04765625 0.0765625
0 0.06484375 0.57109375 0.04140625 0.09609375
0 0.31640625 0.4015625 0.02421875 0.07265625
0 0.6296875 0.56875 0.03515625 0.0515625