0 0.828125 0.5453125 0.02734375 0.109375
0 0.79140625 0.53828125 0.03515625 0.13359375
0 0.74609375 0.5421875 0.04140625 0.12734375
0 0.5671875 0.59765625 0.04921875 0.084375
0 0.50625 0.66953125 0.03359375 0.0890625
0 0.6015625 0.39140625 0.02578125 0.10390625
0 0.584375 0.50078125 0.0328125 0.07734375
0 0.46875 0.3953125 0.025 0.0875
0 0.66328125 0.396875 0.028125 0.09453125
0 0.58203125 0.38671875 0.028125 0.1078125
0 0.715625 0.56171875 0.034375 0.0578125
0 0.4015625 0.409375 0.02578125 0.08984375
0 0.65625 0.4859375 0.025 0.05390625
0 0.49296875 0.53046875 0.0453125 0.08046875
0 0.553125 0.47578125 0.03359375 0.07265625
0 0.68359375 0.5421875 0.02734375 0.06640625
0 0.77109375 0.39609375 0.0296875 0.06484375
0 0.47890625 0.5921875 0.059375 0.09140625
0 0.49296875 0.3921875 0.02734375 0.075
0 0.828125 0.7515625 0.0828125 0.09375
0 0.38125 0.4140625 0.021875 0.075
0 0.46171875 0.53203125 0.04296875 0.06328125
0 0.55546875 0.396875 0.02578125 0.1
0 0.4578125 0.4609375 0.03515625 0.06484375
0 0.48046875 0.4578125 0.0359375 0.07109375
0 0.378125 0.50859375 0.03203125 0.0609375