0 0.09453125 0.57890625 0.034375 0.109375
0 0.18984375 0.55390625 0.02890625 0.1015625
0 0.71640625 0.65234375 0.040625 0.10625
0 0.9515625 0.7109375 0.0515625 0.16640625
0 0.73671875 0.50078125 0.03671875 0.1265625
0 0.16484375 0.6296875 0.03828125 0.0796875
0 0.27734375 0.68515625 0.034375 0.13984375
0 0.44375 0.6359375 0.05078125 0.08671875
0 0.87734375 0.77421875 0.06875 0.21796875
0 0.19296875 0.66875 0.0484375 0.0609375
0 0.48203125 0.646875 0.040625 0.06015625
0 0.228125 0.66796875 0.0359375 0.0734375
0 0.38828125 0.59609375 0.05546875 0.09296875
0 0.7015625 0.49921875 0.03671875 0.12265625
0 0.221875 0.634375 0.03359375 0.04296875
0 0.12578125 0.58359375 0.028125 0.06015625
0 0.384375 0.53671875 0.0328125 0.1171875
0 0.4125 0.68828125 0.0328125 0.10390625
0 0.61875 0.55703125 0.03203125 0.07890625
0 0.11015625 0.49609375 0.03046875 0.084375
0 0.1375 0.64921875 0.02421875 0.0375
0 0.265625 0.5171875 0.040625 0.059375
0 0.48671875 0.5921875 0.03125 0.06171875
0 0.4921875 0.378125 0.0234375 0.07734375
0 0.43828125 0.409375 0.0234375 0.06796875
0 0.67421875 0.40390625 0.0359375 0.07578125
0 0.67265625 0.6640625 0.034375 0.0859375
0 0.24296875 0.4078125 0.0265625 0.06328125
0 0.21640625 0.4140625 0.01953125 0.0703125
0 0.90859375 0.68984375 0.0546875 0.12421875
0 0.225 0.50625 0.01953125 0.04921875
0 0.5703125 0.478125 0.046875 0.11953125
0 0.4921875 0.50859375 0.04921875 0.08046875
0 0.46328125 0.47890625 0.03515625 0.0625
0 0.446875 0.47578125 0.0265625 0.059375
0 0.53359375 0.41171875 0.0359375 0.07109375
0 0.5171875 0.4125 0.03046875 0.0640625
0 0.39765625 0.43515625 0.0328125 0.05859375
0 0.3875 0.46328125 0.03203125 0.05625
0 0.3703125 0.4640625 0.03125 0.0578125
0 0.36875 0.4078125 0.0296875 0.07265625
0 0.17734375 0.43359375 0.03671875 0.0578125
0 0.13046875 0.41953125 0.02578125 0.0875
0 0.1 0.44921875 0.04296875 0.06328125
0 0.0796875 0.45234375 0.0296875 0.04453125
0 0.0453125 0.45 0.03671875 0.04921875
0 0.0375 0.5359375 0.02890625 0.0984375
0 0.20859375 0.50390625 0.021875 0.0625
0 0.40859375 0.52421875 0.03359375 0.06875
0 0.93125 0.5484375 0.0375 0.0625
0 0.46015625 0.39140625 0.0203125 0.07734375
0 0.421875 0.3828125 0.01640625 0.07734375
0 0.4375 0.3703125 0.01484375 0.03125
0 0.228125 0.4109375 0.02109375 0.08046875
0 0.015625 0.53984375 0.01328125 0.090625
0 0.60234375 0.559375 0.0421875 0.0765625