0 0.43828125 0.6609375 0.04375 0.13515625
0 0.24765625 0.66171875 0.03359375 0.084375
0 0.8859375 0.6484375 0.0578125 0.07578125
0 0.815625 0.64765625 0.03671875 0.07734375
0 0.4859375 0.66640625 0.03515625 0.146875
0 0.090625 0.5828125 0.0328125 0.11640625
0 0.34921875 0.55546875 0.0328125 0.109375
0 0.8421875 0.6484375 0.0375 0.071875
0 0.54453125 0.39140625 0.02890625 0.09765625
0 0.51796875 0.3953125 0.02578125 0.0921875
0 0.13828125 0.62890625 0.02890625 0.078125
0 0.56953125 0.5921875 0.03984375 0.12890625
0 0.2203125 0.6453125 0.028125 0.06640625
0 0.9203125 0.67578125 0.02890625 0.0234375
0 0.596875 0.5515625 0.02890625 0.1078125
0 0.05078125 0.553125 0.02578125 0.1015625
0 0.12421875 0.5859375 0.0328125 0.071875
0 0.39765625 0.653125 0.028125 0.12578125
0 0.54140625 0.52421875 0.04296875 0.11640625
0 0.1890625 0.68203125 0.05078125 0.0796875
0 0.2609375 0.51953125 0.02734375 0.06328125
0 0.67734375 0.40859375 0.034375 0.071875
0 0.11015625 0.4875 0.028125 0.09765625
0 0.534375 0.64921875 0.05234375 0.08125
0 0.1078125 0.5828125 0.01953125 0.0859375
0 0.2859375 0.5125 0.03125 0.06953125
0 0.1828125 0.4171875 0.02265625 0.08203125
0 0.46484375 0.4765625 0.03125 0.0671875
0 0.48828125 0.50546875 0.04296875 0.07734375
0 0.44765625 0.4796875 0.028125 0.0578125
0 0.40546875 0.52109375 0.03046875 0.0578125
0 0.38125 0.52421875 0.03203125 0.07265625
0 0.3703125 0.490625 0.0234375 0.0515625
0 0.35546875 0.48828125 0.02578125 0.04296875
0 0.39140625 0.45859375 0.03125 0.06015625
0 0.378125 0.45390625 0.02265625 0.05078125
0 0.4015625 0.4328125 0.02734375 0.05625
0 0.43046875 0.4078125 0.01875 0.0796875
0 0.45859375 0.3875 0.0203125 0.075
0 0.48671875 0.3890625 0.02265625 0.07421875
0 0.43359375 0.3765625 0.0203125 0.07421875
0 0.4171875 0.38515625 0.01875 0.0625
0 0.39609375 0.37890625 0.0203125 0.06015625
0 0.32265625 0.44140625 0.028125 0.05
0 0.30625 0.41171875 0.0171875 0.0625
0 0.2390625 0.42265625 0.02421875 0.05234375
0 0.2234375 0.41484375 0.02265625 0.0703125
0 0.2015625 0.43359375 0.025 0.07265625
0 0.2046875 0.50703125 0.03125 0.0625
0 0.22109375 0.50625 0.03046875 0.05859375
0 0.12890625 0.41171875 0.01796875 0.07734375
0 0.1671875 0.621875 0.03515625 0.06875
0 0.2984375 0.55 0.04375 0.071875
0 0.6265625 0.559375 0.04375 0.0859375
0 0.196875 0.41875 0.0171875 0.07421875
0 0.09296875 0.45078125 0.0203125 0.05078125
0 0.08046875 0.4484375 0.021875 0.05546875
0 0.0390625 0.4828125 0.02265625 0.05859375
0 0.04765625 0.45234375 0.02578125 0.0640625
0 0.02734375 0.45546875 0.02109375 0.059375
0 0.0375 0.5546875 0.01953125 0.0890625
0 0.38515625 0.596875 0.053125 0.0796875