0 0.02578125 0.6125 0.0140625 0.0640625
0 0.21796875 0.596875 0.01796875 0.1078125
0 0.840625 0.4828125 0.02578125 0.103125
0 0.5578125 0.675 0.01875 0.06796875
0 0.3625 0.65234375 0.0265625 0.078125
0 0.08671875 0.6 0.03671875 0.109375
0 0.42109375 0.703125 0.02109375 0.08984375
0 0.14609375 0.61328125 0.03125 0.0640625
0 0.025 0.6640625 0.01875 0.0640625
0 0.54453125 0.54375 0.021875 0.04921875
0 0.41875 0.51484375 0.03125 0.06953125
0 0.39453125 0.5203125 0.028125 0.06796875
0 0.521875 0.53359375 0.01484375 0.0484375
0 0.6328125 0.50390625 0.03515625 0.07109375
0 0.70703125 0.5 0.02890625 0.0734375
0 0.8765625 0.48515625 0.04140625 0.13046875
0 0.76875 0.55390625 0.0375 0.0828125
0 0.73828125 0.5578125 0.0453125 0.0828125
0 0.815625 0.40390625 0.04453125 0.0671875
0 0.5296875 0.69921875 0.0359375 0.146875
0 0.48984375 0.67734375 0.0453125 0.1359375
0 0.0453125 0.540625 0.025 0.1015625
0 0.04296875 0.48046875 0.0234375 0.0828125
0 0.0625 0.53515625 0.02265625 0.10625
0 0.08515625 0.5390625 0.025 0.08046875
0 0.1234375 0.4953125 0.0265625 0.0609375
0 0.10703125 0.50078125 0.021875 0.06875
0 0.08203125 0.4828125 0.0265625 0.07421875
0 0.11953125 0.434375 0.01953125 0.08515625
0 0.1375 0.43125 0.0203125 0.08671875
0 0.1890625 0.4390625 0.02421875 0.0796875
0 0.16796875 0.44765625 0.02265625 0.05546875
0 0.1515625 0.4546875 0.02421875 0.06171875
0 0.21796875 0.428125 0.0296875 0.0734375
0 0.265625 0.4125 0.02578125 0.0671875
0 0.32109375 0.4125 0.0234375 0.0953125
0 0.34921875 0.41796875 0.02109375 0.0875
0 0.3671875 0.4171875 0.02109375 0.0875
0 0.38984375 0.4109375 0.015625 0.084375
0 0.4078125 0.41875 0.01875 0.0859375
0 0.428125 0.41328125 0.0109375 0.071875
0 0.43671875 0.41640625 0.01953125 0.0828125
0 0.459375 0.428125 0.0265625 0.0890625
0 0.48671875 0.41015625 0.025 0.08125
0 0.47734375 0.38515625 0.0171875 0.08046875
0 0.49921875 0.38515625 0.025 0.09609375
0 0.52578125 0.396875 0.0265625 0.08984375
0 0.61484375 0.3984375 0.02109375 0.09609375
0 0.64765625 0.36328125 0.0265625 0.06484375
0 0.67265625 0.41171875 0.04296875 0.06796875
0 0.60625 0.48671875 0.025 0.08046875
0 0.58359375 0.47734375 0.02734375 0.06640625
0 0.590625 0.39921875 0.02734375 0.1109375
0 0.49765625 0.5171875 0.028125 0.0734375
0 0.615625 0.6 0.046875 0.0765625
0 0.36328125 0.51015625 0.02421875 0.0703125
0 0.340625 0.51328125 0.03203125 0.08125
0 0.27578125 0.484375 0.0234375 0.08203125
0 0.24921875 0.490625 0.03046875 0.0765625
0 0.20234375 0.50703125 0.0203125 0.07890625
0 0.1796875 0.50703125 0.02734375 0.090625
0 0.2640625 0.5578125 0.03828125 0.109375
0 0.24765625 0.59296875 0.0296875 0.06796875
0 0.31875 0.621875 0.03203125 0.07109375
0 0.28828125 0.62890625 0.02734375 0.07109375
0 0.553125 0.50703125 0.03125 0.12578125
0 0.52890625 0.4640625 0.028125 0.07265625
0 0.5375 0.44375 0.0234375 0.0625
0 0.50546875 0.4703125 0.02578125 0.06953125
0 0.6453125 0.4125 0.03359375 0.06796875
0 0.53515625 0.39375 0.0234375 0.05078125
0 0.334375 0.4515625 0.01640625 0.0703125
0 0.52421875 0.60078125 0.0546875 0.0765625