0 0.0953125 0.634375 0.0375 0.08984375
0 0.91171875 0.6609375 0.0390625 0.125
0 0.74296875 0.4890625 0.03984375 0.12890625
0 0.31015625 0.6484375 0.034375 0.0734375
0 0.56875 0.59375 0.05234375 0.08515625
0 0.259375 0.62421875 0.034375 0.0796875
0 0.5015625 0.68125 0.04453125 0.09296875
0 0.60859375 0.39140625 0.02734375 0.09765625
0 0.7734375 0.39609375 0.021875 0.0625
0 0.2328125 0.5890625 0.03828125 0.071875
0 0.03828125 0.61953125 0.028125 0.08125
0 0.24375 0.52890625 0.02578125 0.0515625
0 0.66484375 0.5171875 0.0296875 0.03671875
0 0.6578125 0.48671875 0.02734375 0.05546875
0 0.71953125 0.55859375 0.0359375 0.06171875
0 0.203125 0.58828125 0.0265625 0.07421875
0 0.5875 0.49921875 0.0328125 0.06328125
0 0.23203125 0.6421875 0.02109375 0.034375
0 0.97421875 0.62578125 0.02890625 0.0453125
0 0.484375 0.5921875 0.04765625 0.0796875
0 0.04296875 0.6859375 0.04140625 0.10234375
0 0.73671875 0.41640625 0.021875 0.04453125
0 0.20546875 0.47890625 0.0234375 0.05078125
0 0.3125 0.51171875 0.03515625 0.06328125
0 0.346875 0.51796875 0.034375 0.06875
0 0.37265625 0.5171875 0.03125 0.0734375
0 0.3984375 0.4203125 0.01875 0.084375
0 0.4109375 0.43984375 0.02578125 0.05078125
0 0.48984375 0.40078125 0.01953125 0.06640625
0 0.4875 0.4375 0.03046875 0.05859375
0 0.48203125 0.46015625 0.03203125 0.065625
0 0.459375 0.4609375 0.03125 0.06328125
0 0.55546875 0.3984375 0.02578125 0.11015625
0 0.55625 0.4765625 0.03125 0.0671875
0 0.53671875 0.478125 0.02734375 0.06875
0 0.58671875 0.38125 0.0203125 0.0890625
0 0.29609375 0.41640625 0.02109375 0.0765625
0 0.3328125 0.4125 0.02109375 0.08984375
0 0.29453125 0.50546875 0.0359375 0.06640625
0 0.27421875 0.415625 0.0234375 0.09375
0 0.24609375 0.4234375 0.02734375 0.0890625
0 0.22265625 0.41953125 0.02578125 0.09140625
0 0.1875 0.453125 0.0328125 0.04453125
0 0.16953125 0.42421875 0.03046875 0.0703125
0 0.1421875 0.45 0.03046875 0.0484375
0 0.11640625 0.49609375 0.02265625 0.05078125
0 0.134375 0.4921875 0.04140625 0.05859375
0 0.06640625 0.50703125 0.034375 0.0640625
0 0.0484375 0.50703125 0.03203125 0.06015625
0 0.034375 0.45625 0.021875 0.07890625
0 0.028125 0.50234375 0.0296875 0.065625
0 0.09921875 0.43125 0.0203125 0.08203125
0 0.12421875 0.44765625 0.028125 0.040625
0 0.071875 0.43984375 0.01953125 0.0765625
0 0.0203125 0.6328125 0.01484375 0.1078125