0 0.84765625 0.47109375 0.028125 0.1046875
0 0.56875 0.59453125 0.0515625 0.0828125
0 0.69609375 0.4546875 0.0375 0.12265625
0 0.0984375 0.61171875 0.034375 0.0609375
0 0.03359375 0.6328125 0.03359375 0.11484375
0 0.3125 0.64609375 0.03203125 0.075
0 0.50390625 0.68515625 0.0453125 0.09765625
0 0.26015625 0.625 0.0359375 0.07109375
0 0.6296875 0.39453125 0.025 0.10078125
0 0.2015625 0.58984375 0.0265625 0.071875
0 0.2328125 0.5921875 0.0375 0.071875
0 0.646875 0.39375 0.02421875 0.10078125
0 0.771875 0.3953125 0.0234375 0.059375
0 0.47265625 0.603125 0.04375 0.07109375
0 0.5890625 0.49921875 0.03203125 0.0640625
0 0.71875 0.5515625 0.03828125 0.078125
0 0.24375 0.53125 0.02265625 0.04921875
0 0.20546875 0.47890625 0.0234375 0.05078125
0 0.65703125 0.4875 0.0265625 0.05078125
0 0.94765625 0.76484375 0.0171875 0.028125
0 0.56015625 0.478125 0.0375 0.071875
0 0.353125 0.515625 0.03203125 0.07109375
0 0.58515625 0.37578125 0.0296875 0.084375
0 0.23203125 0.6421875 0.02421875 0.03515625
0 0.49609375 0.5296875 0.03359375 0.05859375
0 0.47265625 0.52578125 0.0375 0.0671875
0 0.4578125 0.5265625 0.0375 0.0703125
0 0.4828125 0.4578125 0.0296875 0.0671875
0 0.4609375 0.46171875 0.03359375 0.06484375
0 0.48984375 0.43203125 0.028125 0.05
0 0.55625 0.396875 0.0234375 0.1125
0 0.5265625 0.4078125 0.028125 0.0828125
0 0.4796875 0.38046875 0.0265625 0.0859375
0 0.4890625 0.3953125 0.02265625 0.0671875
0 0.41875 0.415625 0.03203125 0.08203125
0 0.40859375 0.4359375 0.034375 0.04921875
0 0.3953125 0.4109375 0.025 0.09375
0 0.33203125 0.43046875 0.03046875 0.05859375
0 0.31328125 0.5078125 0.03046875 0.0640625
0 0.28984375 0.50390625 0.04140625 0.0640625
0 0.28671875 0.49140625 0.025 0.0703125
0 0.28671875 0.440625 0.02265625 0.071875
0 0.29921875 0.41640625 0.01875 0.07109375
0 0.3171875 0.4125 0.0171875 0.078125
0 0.2765625 0.41171875 0.0203125 0.09609375
0 0.2484375 0.43203125 0.02109375 0.04921875
0 0.22109375 0.41171875 0.0265625 0.084375
0 0.190625 0.44921875 0.02890625 0.046875
0 0.1796875 0.44921875 0.025 0.05234375
0 0.16796875 0.425 0.01796875 0.06328125
0 0.134375 0.49375 0.0375 0.053125
0 0.11796875 0.4953125 0.025 0.05625
0 0.071875 0.4984375 0.0234375 0.046875
0 0.06171875 0.5109375 0.025 0.0546875
0 0.04765625 0.51171875 0.02734375 0.05
0 0.02734375 0.54140625 0.01875 0.07734375
0 0.02734375 0.490625 0.02265625 0.046875
0 0.096875 0.42578125 0.01796875 0.0703125
0 0.1171875 0.41640625 0.0171875 0.05625
0 0.1375 0.4453125 0.02890625 0.05546875
0 0.1234375 0.44921875 0.02578125 0.04296875
0 0.69765625 0.5515625 0.0421875 0.08515625
0 0.375 0.51484375 0.03046875 0.06875
0 0.6046875 0.40859375 0.02734375 0.07109375