0 0.68046875 0.5421875 0.0375 0.12734375
0 0.7484375 0.69765625 0.05546875 0.15859375
0 0.7921875 0.68671875 0.04140625 0.13671875
0 0.40703125 0.65546875 0.03984375 0.125
0 0.209375 0.6578125 0.03984375 0.0921875
0 0.48359375 0.6640625 0.040625 0.128125
0 0.35703125 0.64921875 0.0265625 0.09921875
0 0.35234375 0.5515625 0.0296875 0.1046875
0 0.45703125 0.66484375 0.03515625 0.1109375
0 0.075 0.58125 0.03046875 0.115625
0 0.25546875 0.84140625 0.09921875 0.30078125
0 0.1609375 0.628125 0.03203125 0.075
0 0.28203125 0.6625 0.040625 0.0875
0 0.0828125 0.47578125 0.034375 0.09296875
0 0.496875 0.5125 0.034375 0.11015625
0 0.57578125 0.546875 0.03515625 0.11953125
0 0.26875 0.49921875 0.0265625 0.08984375
0 0.253125 0.64375 0.03359375 0.10625
0 0.5015625 0.60703125 0.0328125 0.1125
0 0.1375 0.646875 0.02578125 0.0375
0 0.08203125 0.66796875 0.0546875 0.034375
0 0.55234375 0.5109375 0.03515625 0.0796875
0 0.10703125 0.5953125 0.0265625 0.0578125
0 0.13203125 0.584375 0.0171875 0.04609375
0 0.30390625 0.54453125 0.0390625 0.06796875
0 0.67890625 0.40078125 0.03125 0.05703125
0 0.62734375 0.55390625 0.03671875 0.08125
0 0.60625 0.559375 0.03828125 0.07734375
0 0.46640625 0.4765625 0.03203125 0.06484375
0 0.44765625 0.478125 0.02734375 0.05703125
0 0.38984375 0.5234375 0.025 0.053125
0 0.40859375 0.52421875 0.02890625 0.0578125
0 0.35078125 0.5 0.04296875 0.06953125
0 0.2203125 0.51015625 0.0375 0.06015625
0 0.20234375 0.5046875 0.0390625 0.06171875
0 0.53203125 0.5125 0.03125 0.06875
0 0.540625 0.4109375 0.0359375 0.071875
0 0.5140625 0.4109375 0.02890625 0.06328125
0 0.51796875 0.37578125 0.01484375 0.0515625
0 0.4828125 0.39453125 0.02578125 0.0875
0 0.49296875 0.3796875 0.01796875 0.06171875
0 0.46171875 0.4015625 0.01953125 0.0640625
0 0.4734375 0.3796875 0.0171875 0.06171875
0 0.440625 0.41484375 0.01640625 0.05625
0 0.23984375 0.42421875 0.0234375 0.04921875
0 0.209375 0.42109375 0.01640625 0.053125
0 0.21015625 0.396875 0.0203125 0.05078125
0 0.1765625 0.43203125 0.025 0.05703125
0 0.15078125 0.42890625 0.02109375 0.0703125
0 0.1359375 0.44453125 0.0171875 0.0671875
0 0.10625 0.41875 0.02265625 0.06796875
0 0.134375 0.39453125 0.01484375 0.03671875
0 0.08203125 0.4109375 0.02265625 0.04765625
0 0.0609375 0.41953125 0.01796875 0.0625
0 0.0421875 0.415625 0.01953125 0.06796875
0 0.02734375 0.453125 0.01953125 0.04921875
0 0.046875 0.45 0.03125 0.04921875
0 0.48359375 0.590625 0.0265625 0.06171875
0 0.8375 0.64921875 0.04375 0.075