0 0.853125 0.70625 0.05 0.17578125
0 0.74140625 0.72890625 0.05390625 0.16875
0 0.4328125 0.77578125 0.06953125 0.28671875
0 0.38359375 0.76484375 0.0546875 0.20234375
0 0.07109375 0.58046875 0.03125 0.11796875
0 0.9546875 0.7375 0.06015625 0.23125
0 0.653125 0.484375 0.028125 0.09921875
0 0.58125 0.3890625 0.02421875 0.11015625
0 0.190625 0.6421875 0.0375 0.10078125
0 0.23125 0.6421875 0.034375 0.115625
0 0.3015625 0.5546875 0.02421875 0.11953125
0 0.3453125 0.69609375 0.053125 0.153125
0 0.6734375 0.4046875 0.03359375 0.07421875
0 0.38125 0.6484375 0.02734375 0.0796875
0 0.49296875 0.503125 0.0375 0.08203125
0 0.38125 0.53984375 0.0328125 0.11640625
0 0.52578125 0.39375 0.03203125 0.1046875
0 0.6765625 0.48359375 0.03671875 0.0984375
0 0.1109375 0.5 0.0296875 0.0890625
0 0.92265625 0.7015625 0.04921875 0.165625
0 0.13359375 0.58203125 0.0171875 0.04453125
0 0.1078125 0.584375 0.025 0.0734375
0 0.59296875 0.54765625 0.028125 0.04765625
0 0.628125 0.55703125 0.03828125 0.08046875
0 0.14375 0.64296875 0.040625 0.06484375
0 0.26015625 0.515625 0.03359375 0.06875
0 0.16796875 0.646875 0.02421875 0.06640625
0 0.475 0.60234375 0.04921875 0.075
0 0.703125 0.4609375 0.03359375 0.115625
0 0.46640625 0.48046875 0.05078125 0.06328125
0 0.44609375 0.4765625 0.03046875 0.05390625
0 0.36796875 0.4640625 0.03203125 0.06328125
0 0.38828125 0.45625 0.0265625 0.0578125
0 0.40078125 0.43125 0.02109375 0.05078125
0 0.44375 0.40625 0.02109375 0.08203125
0 0.45703125 0.4140625 0.02109375 0.07109375
0 0.475 0.41015625 0.02265625 0.08515625
0 0.5453125 0.40078125 0.025 0.09921875
0 0.3234375 0.4390625 0.01875 0.04375
0 0.4015625 0.37578125 0.015625 0.0796875
0 0.44921875 0.36640625 0.01796875 0.0484375
0 0.25625 0.42109375 0.02578125 0.08359375
0 0.2203125 0.51171875 0.03359375 0.0671875
0 0.2015625 0.50703125 0.03828125 0.0671875
0 0.22578125 0.42578125 0.0203125 0.08125
0 0.19140625 0.41484375 0.02421875 0.0796875
0 0.15390625 0.45234375 0.02421875 0.08359375
0 0.1296875 0.4171875 0.021875 0.078125
0 0.09375 0.4078125 0.01640625 0.04609375
0 0.075 0.41015625 0.015625 0.05078125
0 0.04765625 0.44453125 0.034375 0.05546875
0 0.0921875 0.44765625 0.04453125 0.04921875
0 0.02734375 0.4484375 0.02890625 0.0546875
0 0.4078125 0.52421875 0.034375 0.0578125
0 0.39375 0.58671875 0.03828125 0.07734375
0 0.3875 0.38984375 0.01796875 0.06328125