0 0.303125 0.6515625 0.034375 0.1125
0 0.56953125 0.6796875 0.04140625 0.15625
0 0.43125 0.715625 0.0359375 0.1625
0 0.77578125 0.67578125 0.04296875 0.121875
0 0.684375 0.63359375 0.0390625 0.071875
0 0.9109375 0.696875 0.05234375 0.15078125
0 0.38125 0.6796875 0.05859375 0.0828125
0 0.071875 0.58125 0.02890625 0.11640625
0 0.1359375 0.65625 0.05078125 0.0625
0 0.946875 0.75234375 0.08671875 0.19921875
0 0.6375 0.7109375 0.05 0.0515625
0 0.2609375 0.6640625 0.0359375 0.08828125
0 0.21015625 0.659375 0.0484375 0.08828125
0 0.86015625 0.71796875 0.05234375 0.0625
0 0.6375 0.46015625 0.040625 0.1
0 0.603125 0.55859375 0.0453125 0.07109375
0 0.746875 0.478125 0.03828125 0.084375
0 0.36640625 0.54375 0.03125 0.10390625
0 0.54140625 0.4984375 0.03359375 0.1
0 0.83828125 0.68671875 0.04609375 0.1203125
0 0.675 0.40078125 0.03203125 0.065625
0 0.16484375 0.621875 0.03203125 0.06875
0 0.13359375 0.58515625 0.0171875 0.04765625
0 0.62265625 0.41171875 0.03046875 0.06953125
0 0.184375 0.41796875 0.02578125 0.09375
0 0.55234375 0.39453125 0.028125 0.09609375
0 0.30078125 0.54765625 0.046875 0.0734375
0 0.25078125 0.6359375 0.0171875 0.04140625
0 0.48984375 0.503125 0.03046875 0.07734375
0 0.36171875 0.64921875 0.025 0.08359375
0 0.515625 0.5390625 0.0296875 0.10625
0 0.10625 0.4984375 0.02421875 0.0921875
0 0.51875 0.41328125 0.03125 0.0671875
0 0.26171875 0.51875 0.04375 0.06875
0 0.4765625 0.5984375 0.05078125 0.090625
0 0.40234375 0.43359375 0.03203125 0.04921875
0 0.39375 0.45703125 0.03125 0.059375
0 0.37109375 0.46015625 0.03203125 0.0640625
0 0.45390625 0.403125 0.025 0.08828125
0 0.48203125 0.4 0.02578125 0.08671875
0 0.46328125 0.475 0.0421875 0.0671875
0 0.44609375 0.47734375 0.0296875 0.06015625
0 0.22109375 0.51171875 0.0421875 0.0640625
0 0.203125 0.509375 0.034375 0.0671875
0 0.0921875 0.5640625 0.01640625 0.10234375
0 0.4171875 0.68828125 0.028125 0.171875
0 0.39765625 0.58671875 0.03671875 0.07734375
0 0.63046875 0.55234375 0.03359375 0.07578125
0 0.08359375 0.4515625 0.025 0.0546875
0 0.0984375 0.45625 0.02578125 0.0484375
0 0.12734375 0.41484375 0.01640625 0.07578125
0 0.146875 0.42421875 0.02578125 0.0703125
0 0.228125 0.42109375 0.01875 0.06796875
0 0.20625 0.4171875 0.02578125 0.084375
0 0.2390625 0.41796875 0.0171875 0.04140625
0 0.04375 0.44453125 0.028125 0.05390625
0 0.59609375 0.67734375 0.0296875 0.1515625
0 0.41875 0.40703125 0.01953125 0.0796875
0 0.428125 0.384375 0.0171875 0.06640625
0 0.4484375 0.3828125 0.01640625 0.08046875