0 0.77421875 0.70859375 0.09296875 0.13359375
0 0.8546875 0.709375 0.04609375 0.16484375
0 0.61875 0.72578125 0.04921875 0.071875
0 0.50390625 0.39375 0.03203125 0.1015625
0 0.3046875 0.659375 0.0359375 0.115625
0 0.359375 0.54375 0.0328125 0.12109375
0 0.2640625 0.7078125 0.03359375 0.14609375
0 0.13046875 0.65 0.05234375 0.05859375
0 0.77109375 0.5890625 0.03125 0.1046875
0 0.55859375 0.39609375 0.02578125 0.0828125
0 0.24296875 0.56875 0.028125 0.0984375
0 0.49609375 0.73984375 0.05546875 0.12890625
0 0.1109375 0.50078125 0.0296875 0.090625
0 0.41171875 0.68125 0.03984375 0.08125
0 0.07578125 0.63359375 0.028125 0.07265625
0 0.20390625 0.6703125 0.034375 0.06484375
0 0.9671875 0.7203125 0.0421875 0.1625
0 0.5359375 0.40703125 0.028125 0.08671875
0 0.06953125 0.56875 0.0328125 0.08984375
0 0.4921875 0.503125 0.03828125 0.0796875
0 0.4578125 0.38984375 0.02421875 0.09140625
0 0.67421875 0.40234375 0.03125 0.06796875
0 0.30859375 0.5453125 0.02890625 0.06953125
0 0.47734375 0.41015625 0.01953125 0.07109375
0 0.17734375 0.61484375 0.0265625 0.10234375