0 0.40546875 0.65546875 0.0421875 0.1234375
0 0.46875 0.671875 0.0390625 0.14609375
0 0.8140625 0.6484375 0.03515625 0.0765625
0 0.26015625 0.65078125 0.034375 0.11328125
0 0.84609375 0.6484375 0.03984375 0.075
0 0.89453125 0.65078125 0.05234375 0.07265625
0 0.3109375 0.603125 0.03984375 0.11875
0 0.09609375 0.58203125 0.0296875 0.10859375
0 0.3578125 0.54609375 0.03671875 0.1171875
0 0.21953125 0.64609375 0.02578125 0.06171875
0 0.54453125 0.528125 0.0421875 0.11953125
0 0.56875 0.60078125 0.0390625 0.1265625
0 0.2828125 0.51640625 0.02890625 0.06796875
0 0.26015625 0.51875 0.0265625 0.06484375
0 0.48984375 0.50546875 0.03828125 0.0828125
0 0.6015625 0.5453125 0.03359375 0.09921875
0 0.12265625 0.5875 0.03359375 0.07109375
0 0.1625 0.634375 0.04921875 0.0875
0 0.49765625 0.63828125 0.03515625 0.07578125
0 0.92421875 0.68125 0.0234375 0.01875
0 0.67890625 0.40078125 0.03125 0.05625
0 0.4828125 0.6 0.03828125 0.08203125
0 0.1984375 0.66640625 0.03359375 0.075
0 0.44296875 0.48046875 0.028125 0.06171875
0 0.46796875 0.478125 0.03359375 0.059375
0 0.53984375 0.40703125 0.03359375 0.06875
0 0.50859375 0.39921875 0.02265625 0.09453125
0 0.51484375 0.38046875 0.01484375 0.0671875
0 0.4859375 0.40703125 0.02109375 0.08515625
0 0.47421875 0.3828125 0.01953125 0.07265625
0 0.4390625 0.40625 0.028125 0.078125
0 0.44921875 0.38046875 0.0203125 0.06015625
0 0.42890625 0.37734375 0.01640625 0.07265625
0 0.4125 0.38828125 0.02734375 0.08125
0 0.38984375 0.45390625 0.0265625 0.05390625
0 0.40078125 0.43671875 0.02578125 0.053125
0 0.371875 0.46328125 0.0234375 0.04453125
0 0.35390625 0.5 0.04375 0.06875
0 0.38203125 0.5265625 0.028125 0.0703125
0 0.40546875 0.5234375 0.02890625 0.06484375
0 0.22578125 0.5125 0.03828125 0.06171875
0 0.20390625 0.50703125 0.02421875 0.06796875
0 0.13515625 0.4859375 0.0203125 0.10078125
0 0.178125 0.43203125 0.02578125 0.05859375
0 0.20546875 0.4296875 0.028125 0.0796875
0 0.24453125 0.41640625 0.025 0.09296875
0 0.278125 0.41171875 0.01640625 0.06875
0 0.3140625 0.409375 0.02109375 0.06171875
0 0.35 0.4078125 0.0125 0.065625
0 0.36328125 0.409375 0.02421875 0.06640625
0 0.6296875 0.5546875 0.0359375 0.08125
0 0.5375 0.64296875 0.04765625 0.0890625
0 0.465625 0.5921875 0.02890625 0.03984375
0 0.38828125 0.59765625 0.04609375 0.08828125
0 0.3015625 0.5484375 0.040625 0.07265625
0 0.075 0.46640625 0.021875 0.04296875
0 0.1 0.45078125 0.0234375 0.04609375
0 0.13515625 0.403125 0.01484375 0.0578125
0 0.07890625 0.41953125 0.01796875 0.0546875
0 0.06328125 0.42578125 0.0125 0.04296875