0 0.30703125 0.66875 0.04375 0.0546875
0 0.75625 0.41328125 0.02734375 0.1015625
0 0.14921875 0.61328125 0.03125 0.0671875
0 0.25703125 0.66640625 0.046875 0.05703125
0 0.36171875 0.6546875 0.02890625 0.075
0 0.396875 0.52265625 0.02890625 0.065625
0 0.76953125 0.55390625 0.03984375 0.08359375
0 0.5515625 0.68046875 0.04453125 0.08515625
0 0.70859375 0.421875 0.02109375 0.071875
0 0.678125 0.4109375 0.02421875 0.0828125
0 0.61796875 0.6 0.0484375 0.07734375
0 0.30703125 0.6203125 0.03984375 0.06328125
0 0.18359375 0.4984375 0.028125 0.09296875
0 0.63203125 0.50546875 0.03828125 0.07890625
0 0.2625 0.57734375 0.03359375 0.0984375
0 0.4265625 0.51328125 0.02109375 0.04921875
0 0.815625 0.403125 0.02578125 0.06875
0 0.27890625 0.65 0.01953125 0.034375
0 0.29140625 0.5390625 0.02265625 0.04609375
0 0.221875 0.59921875 0.02734375 0.0953125
0 0.528125 0.60234375 0.0625 0.0921875
0 0.0265625 0.70703125 0.0328125 0.18828125
0 0.6328125 0.3765625 0.02265625 0.0796875
0 0.52109375 0.39609375 0.021875 0.07578125
0 0.5859375 0.478125 0.02421875 0.071875
0 0.04609375 0.53828125 0.03125 0.10234375
0 0.73828125 0.553125 0.0328125 0.084375
0 0.709375 0.50234375 0.04453125 0.0640625
0 0.90234375 0.459375 0.0359375 0.1125
0 0.3625 0.51328125 0.03828125 0.07421875
0 0.3421875 0.51015625 0.03515625 0.075
0 0.93125 0.74453125 0.04921875 0.20703125
0 0.971875 0.746875 0.04765625 0.21171875
0 0.65 0.41640625 0.0375 0.084375
0 0.72578125 0.409375 0.025 0.11171875
0 0.56328125 0.41015625 0.02265625 0.0828125
0 0.48359375 0.38984375 0.0265625 0.08984375
0 0.45625 0.38203125 0.02265625 0.0734375
0 0.4359375 0.40703125 0.02109375 0.07578125
0 0.42421875 0.45390625 0.03046875 0.08203125
0 0.31484375 0.4859375 0.02734375 0.10234375
0 0.2875 0.48671875 0.0265625 0.08203125
0 0.2484375 0.5 0.0328125 0.09453125
0 0.20546875 0.5171875 0.03125 0.1109375
0 0.5515625 0.3578125 0.02421875 0.04296875
0 0.5390625 0.39765625 0.03125 0.08828125
0 0.39296875 0.43203125 0.021875 0.08671875
0 0.37109375 0.43671875 0.025 0.09140625
0 0.36796875 0.4 0.0203125 0.0671875
0 0.346875 0.39140625 0.01953125 0.046875
0 0.3375 0.44375 0.015625 0.08515625
0 0.35 0.44453125 0.01796875 0.08671875
0 0.32578125 0.415625 0.025 0.0984375
0 0.296875 0.41171875 0.01796875 0.07109375
0 0.2875 0.45625 0.01953125 0.05859375
0 0.11953125 0.43046875 0.021875 0.078125
0 0.1421875 0.425 0.02578125 0.0765625
0 0.17265625 0.4234375 0.01640625 0.078125
0 0.22734375 0.41484375 0.01640625 0.07578125
0 0.26875 0.40625 0.02734375 0.078125
0 0.2125 0.41796875 0.01796875 0.06015625
0 0.06796875 0.49609375 0.0265625 0.0734375
0 0.16640625 0.4546875 0.0234375 0.0515625
0 0.50390625 0.4625 0.02421875 0.06875
0 0.5171875 0.46953125 0.02890625 0.05390625
0 0.54765625 0.52578125 0.028125 0.0609375
0 0.52578125 0.52734375 0.03125 0.0734375
0 0.50390625 0.52734375 0.03203125 0.0765625
0 0.60625 0.4765625 0.03515625 0.06796875