0 0.75390625 0.68828125 0.03828125 0.14453125
0 0.6625 0.69296875 0.04375 0.14765625
0 0.78203125 0.68359375 0.03671875 0.14765625
0 0.821875 0.675 0.059375 0.1328125
0 0.88046875 0.69296875 0.05390625 0.115625
0 0.35390625 0.553125 0.034375 0.1140625
0 0.6265625 0.68359375 0.03984375 0.1578125
0 0.046875 0.6484375 0.03125 0.08125
0 0.57265625 0.67421875 0.03203125 0.125
0 0.07421875 0.56640625 0.03046875 0.08359375
0 0.0765625 0.64140625 0.03359375 0.09453125
0 0.5828125 0.44296875 0.03359375 0.12265625
0 0.25859375 0.5140625 0.0296875 0.06875
0 0.2109375 0.659375 0.04453125 0.08359375
0 0.48984375 0.50625 0.0359375 0.07421875
0 0.596875 0.696875 0.03515625 0.14375
0 0.39453125 0.55078125 0.034375 0.09765625
0 0.21796875 0.5078125 0.0390625 0.05859375
0 0.965625 0.7015625 0.04765625 0.1203125
0 0.6171875 0.54375 0.0421875 0.103125
0 0.08828125 0.4765625 0.03359375 0.07265625
0 0.10625 0.5890625 0.03046875 0.065625
0 0.5515625 0.51171875 0.0296875 0.075
0 0.25 0.6734375 0.028125 0.14375
0 0.3015625 0.546875 0.040625 0.06796875
0 0.20546875 0.50625 0.02890625 0.06484375
0 0.16953125 0.6265625 0.02890625 0.06484375
0 0.14765625 0.6296875 0.028125 0.065625
0 0.1578125 0.65234375 0.034375 0.053125
0 0.125 0.5828125 0.03125 0.06328125
0 0.0375 0.48125 0.02734375 0.0828125
0 0.12421875 0.46171875 0.03125 0.05234375
0 0.184375 0.428125 0.03125 0.0890625
0 0.2421875 0.4171875 0.0140625 0.07734375
0 0.25234375 0.42265625 0.0203125 0.0859375
0 0.2828125 0.41484375 0.021875 0.0796875
0 0.3234375 0.4140625 0.02265625 0.07578125
0 0.33046875 0.42421875 0.01953125 0.07265625
0 0.359375 0.4484375 0.02109375 0.0609375
0 0.34765625 0.5015625 0.03828125 0.078125
0 0.375 0.4953125 0.03125 0.071875
0 0.39375 0.45234375 0.02578125 0.05625
0 0.40234375 0.43515625 0.02421875 0.0515625
0 0.47578125 0.4125 0.01953125 0.09140625
0 0.4671875 0.475 0.03125 0.06640625
0 0.44765625 0.4828125 0.02734375 0.0625
0 0.53125 0.51484375 0.02890625 0.06953125
0 0.4765625 0.60390625 0.05234375 0.08671875
0 0.3875 0.596875 0.0484375 0.08671875
0 0.6 0.5546875 0.04453125 0.08359375
0 0.609375 0.42265625 0.0171875 0.09765625
0 0.628125 0.40390625 0.02421875 0.084375
0 0.6765625 0.41015625 0.03203125 0.0859375
0 0.56328125 0.44765625 0.0265625 0.1
0 0.5375 0.41015625 0.0296875 0.06875
0 0.5140625 0.4125 0.0265625 0.06171875