0 0.32890625 0.73515625 0.05 0.12109375
0 0.82421875 0.71640625 0.0578125 0.196875
0 0.896875 0.7328125 0.06015625 0.209375
0 0.775 0.70625 0.04296875 0.11171875
0 0.80546875 0.51875 0.03125 0.09453125
0 0.41484375 0.68359375 0.0359375 0.115625
0 0.765625 0.5421875 0.034375 0.11484375
0 0.93515625 0.7359375 0.04921875 0.21015625
0 0.06953125 0.6609375 0.059375 0.06875
0 0.62109375 0.55625 0.03984375 0.08125
0 0.50234375 0.40546875 0.0265625 0.0890625
0 0.365625 0.66640625 0.04296875 0.090625
0 0.21484375 0.6515625 0.04765625 0.08203125
0 0.16171875 0.628125 0.0359375 0.07578125
0 0.08671875 0.57890625 0.03515625 0.1
0 0.49296875 0.5046875 0.03671875 0.078125
0 0.47890625 0.5953125 0.04921875 0.07890625
0 0.1125 0.64453125 0.03203125 0.0515625
0 0.39765625 0.59765625 0.0390625 0.096875
0 0.37109375 0.53828125 0.03046875 0.1109375
0 0.11015625 0.590625 0.0234375 0.084375
0 0.34140625 0.67890625 0.0359375 0.0625
0 0.42265625 0.4125 0.02421875 0.075
0 0.7484375 0.484375 0.0265625 0.07734375
0 0.13203125 0.58203125 0.021875 0.05625
0 0.5328125 0.41015625 0.0359375 0.07109375
0 0.26328125 0.51171875 0.04296875 0.06875
0 0.2046875 0.51015625 0.03125 0.0671875
0 0.22109375 0.50859375 0.03125 0.065625
0 0.10859375 0.496875 0.02265625 0.08984375
0 0.05859375 0.49921875 0.028125 0.09609375
0 0.175 0.43203125 0.0296875 0.06015625
0 0.2109375 0.42578125 0.01875 0.0625
0 0.22421875 0.41015625 0.01640625 0.07890625
0 0.24453125 0.4015625 0.01796875 0.084375
0 0.3375 0.39296875 0.01796875 0.08515625
0 0.3578125 0.39296875 0.0203125 0.08359375
0 0.3984375 0.396875 0.01640625 0.065625
0 0.3765625 0.46171875 0.04765625 0.0671875
0 0.440625 0.40625 0.02109375 0.08671875
0 0.66875 0.4046875 0.0453125 0.0765625
0 0.5734375 0.50390625 0.0546875 0.08515625
0 0.59921875 0.55078125 0.0484375 0.07890625
0 0.13359375 0.42109375 0.0265625 0.08828125
0 0.09453125 0.446875 0.03984375 0.05
0 0.08359375 0.44921875 0.0296875 0.0546875
0 0.0484375 0.44765625 0.0359375 0.05703125
0 0.403125 0.5265625 0.04765625 0.06640625
0 0.02734375 0.453125 0.03203125 0.05625