0 0.4125 0.70625 0.05390625 0.10390625
0 0.365625 0.7015625 0.04921875 0.096875
0 0.21796875 0.59765625 0.0234375 0.10703125
0 0.76640625 0.55625 0.0375 0.08203125
0 0.78203125 0.46640625 0.0265625 0.0953125
0 0.6171875 0.6015625 0.05 0.08125
0 0.30625 0.6296875 0.0359375 0.071875
0 0.81171875 0.45625 0.03203125 0.11484375
0 0.14765625 0.62421875 0.03125 0.053125
0 0.3578125 0.64765625 0.03203125 0.0671875
0 0.5125 0.615625 0.03828125 0.06796875
0 0.63515625 0.5078125 0.03046875 0.0703125
0 0.7328125 0.55859375 0.02734375 0.06875
0 0.39453125 0.525 0.028125 0.06328125
0 0.2609375 0.590625 0.0328125 0.07734375
0 0.5484375 0.68359375 0.040625 0.0828125
0 0.60546875 0.45859375 0.034375 0.10078125
0 0.02421875 0.66640625 0.0234375 0.0984375
0 0.70390625 0.49375 0.02578125 0.05625
0 0.3421875 0.6765625 0.0296875 0.0484375
0 0.15546875 0.55546875 0.028125 0.103125
0 0.5359375 0.59296875 0.034375 0.07265625
0 0.12890625 0.5265625 0.0296875 0.075
0 0.27890625 0.65 0.02421875 0.03515625
0 0.67265625 0.3953125 0.02421875 0.0859375
0 0.7171875 0.521875 0.0203125 0.0375
0 0.0421875 0.56875 0.03203125 0.0625
0 0.06015625 0.54296875 0.03125 0.08828125
0 0.05234375 0.4703125 0.021875 0.07890625
0 0.115625 0.44140625 0.02421875 0.06953125
0 0.1359375 0.4328125 0.02421875 0.07109375
0 0.265625 0.41015625 0.02578125 0.0796875
0 0.29609375 0.42265625 0.0234375 0.0796875
0 0.8203125 0.3890625 0.028125 0.05703125
0 0.584375 0.48046875 0.02890625 0.075
0 0.54296875 0.52890625 0.03203125 0.0703125
0 0.52265625 0.52734375 0.0265625 0.071875
0 0.50546875 0.52890625 0.0234375 0.0765625
0 0.425 0.51640625 0.03515625 0.05
0 0.36484375 0.5171875 0.025 0.07265625
0 0.3421875 0.51484375 0.0328125 0.06953125
0 0.2578125 0.54375 0.02265625 0.05625
0 0.28828125 0.54375 0.028125 0.06171875
0 0.178125 0.5015625 0.0453125 0.04765625
0 0.2296875 0.4546875 0.03671875 0.05
0 0.309375 0.47734375 0.01875 0.0984375
0 0.32890625 0.4734375 0.0296875 0.08203125
0 0.32109375 0.41015625 0.02734375 0.0796875
0 0.3484375 0.41875 0.034375 0.07734375
0 0.38515625 0.46953125 0.02265625 0.08671875
0 0.4203125 0.4609375 0.02890625 0.10078125
0 0.38984375 0.40625 0.0296875 0.0640625
0 0.41875 0.390625 0.02578125 0.04921875
0 0.4484375 0.41171875 0.0171875 0.08125
0 0.4859375 0.41875 0.0234375 0.09296875
0 0.50390625 0.4625 0.0296875 0.059375
0 0.53046875 0.4609375 0.03828125 0.059375
0 0.51171875 0.38203125 0.0234375 0.09140625
0 0.53671875 0.43359375 0.0390625 0.0484375
0 0.5375 0.3921875 0.01796875 0.08125
0 0.5609375 0.40859375 0.02265625 0.0796875
0 0.640625 0.39375 0.02265625 0.1203125
0 0.1796875 0.4484375 0.04296875 0.04609375
0 0.10625 0.5078125 0.028125 0.04765625
0 0.08984375 0.51484375 0.0328125 0.071875
0 0.0765625 0.50234375 0.0234375 0.075
0 0.24609375 0.503125 0.02734375 0.11328125
0 0.28515625 0.48515625 0.02265625 0.08984375
0 0.46484375 0.42734375 0.02109375 0.09140625