0 0.22578125 0.48125 0.0234375 0.090625
0 0.26640625 0.5390625 0.02421875 0.078125
0 0.2875 0.58984375 0.01953125 0.0796875
0 0.5484375 0.6921875 0.02421875 0.0921875
0 0.53671875 0.703125 0.0234375 0.07265625
0 0.56953125 0.696875 0.02734375 0.0890625
0 0.58515625 0.6984375 0.01875 0.0796875
0 0.60390625 0.71640625 0.03125 0.09921875
0 0.8109375 0.715625 0.02578125 0.08828125
0 0.7015625 0.48828125 0.01953125 0.06328125
0 0.68046875 0.4921875 0.02421875 0.05859375
0 0.753125 0.44609375 0.0234375 0.0453125
0 0.77265625 0.4421875 0.02421875 0.04921875
0 0.59375 0.51328125 0.02265625 0.05078125
0 0.5796875 0.45 0.02578125 0.0328125
0 0.596875 0.4578125 0.03984375 0.0515625
0 0.41328125 0.44765625 0.03203125 0.05234375
0 0.39375 0.44453125 0.0375 0.03828125
0 0.275 0.44765625 0.02578125 0.0578125
0 0.2546875 0.44296875 0.03046875 0.06015625
0 0.18203125 0.43203125 0.0203125 0.06640625
0 0.1421875 0.49765625 0.03359375 0.06875
0 0.02109375 0.42265625 0.0203125 0.0578125
0 0.02890625 0.46953125 0.0203125 0.0640625
0 0.37890625 0.3453125 0.0296875 0.03984375
0 0.3140625 0.31640625 0.0390625 0.040625
0 0.29765625 0.3046875 0.021875 0.03359375
0 0.43671875 0.29375 0.028125 0.0328125
0 0.5109375 0.29453125 0.02734375 0.03828125
0 0.53203125 0.30390625 0.03359375 0.03984375
0 0.6265625 0.2859375 0.02265625 0.04140625
0 0.65234375 0.271875 0.01484375 0.046875
0 0.5921875 0.25390625 0.0171875 0.03984375
0 0.575 0.253125 0.02109375 0.03828125
0 0.559375 0.246875 0.0203125 0.0390625
0 0.53828125 0.23671875 0.015625 0.04375
0 0.46796875 0.22421875 0.0140625 0.0515625
0 0.3625 0.2 0.0234375 0.040625
0 0.2171875 0.22265625 0.02890625 0.040625
0 0.13828125 0.26328125 0.0265625 0.04296875
0 0.08671875 0.28515625 0.028125 0.03671875
0 0.11171875 0.29453125 0.0265625 0.03828125
0 0.10703125 0.3296875 0.0296875 0.04140625
0 0.13046875 0.4375 0.01953125 0.06953125
0 0.2703125 0.2171875 0.01875 0.0625
0 0.2828125 0.215625 0.02109375 0.046875