0 0.77890625 0.821875 0.0265625 0.09609375
0 0.8 0.84609375 0.03046875 0.1
0 0.8296875 0.825 0.025 0.11953125
0 0.94609375 0.87109375 0.03828125 0.1171875
0 0.8109375 0.79921875 0.02890625 0.09765625
0 0.64765625 0.71953125 0.03046875 0.10078125
0 0.68828125 0.49375 0.02890625 0.053125
0 0.70078125 0.4859375 0.02265625 0.05859375
0 0.75625 0.4546875 0.02890625 0.05390625
0 0.76796875 0.44375 0.02109375 0.053125
0 0.596875 0.51640625 0.02734375 0.05703125
0 0.57890625 0.45234375 0.03203125 0.0453125
0 0.59375 0.4546875 0.03671875 0.05390625
0 0.4203125 0.45390625 0.040625 0.05625
0 0.39296875 0.44296875 0.0296875 0.0515625
0 0.2765625 0.44296875 0.0265625 0.04375
0 0.3765625 0.5984375 0.03828125 0.08671875
0 0.26796875 0.4421875 0.0234375 0.0546875
0 0.2375 0.4671875 0.015625 0.06640625
0 0.22578125 0.46015625 0.01796875 0.06953125
0 0.20234375 0.575 0.02109375 0.0625
0 0.19296875 0.42890625 0.015625 0.065625
0 0.178125 0.4265625 0.01640625 0.0734375
0 0.109375 0.325 0.02109375 0.040625
0 0.0828125 0.33515625 0.02265625 0.03984375
0 0.09140625 0.27734375 0.025 0.0328125
0 0.13828125 0.26171875 0.0265625 0.03984375
0 0.21953125 0.225 0.021875 0.040625
0 0.29921875 0.31171875 0.0203125 0.04375
0 0.31171875 0.31875 0.02265625 0.03671875
0 0.378125 0.3453125 0.02734375 0.03984375
0 0.43515625 0.296875 0.028125 0.046875
0 0.51484375 0.3 0.02421875 0.05
0 0.53046875 0.29921875 0.03203125 0.0515625
0 0.65703125 0.2703125 0.01640625 0.04375
0 0.6453125 0.26328125 0.0125 0.04296875
0 0.621875 0.275 0.01796875 0.0609375
0 0.59609375 0.25546875 0.01640625 0.0390625
0 0.57421875 0.25078125 0.02265625 0.03828125
0 0.559375 0.24765625 0.0234375 0.0359375
0 0.4703125 0.225 0.01796875 0.05
0 0.53828125 0.234375 0.015625 0.04765625
0 0.359375 0.20078125 0.02421875 0.03828125
0 0.27109375 0.2109375 0.0140625 0.0453125
0 0.1546875 0.21796875 0.0140625 0.04375
0 0.1375 0.22109375 0.01328125 0.0453125
0 0.14375 0.4359375 0.02109375 0.06953125
0 0.07109375 0.42265625 0.021875 0.0703125
0 0.09296875 0.41484375 0.028125 0.05546875
0 0.11953125 0.378125 0.021875 0.0515625