0 0.4140625 0.44375 0.02421875 0.04921875
0 0.3953125 0.434375 0.0265625 0.04765625
0 0.5734375 0.64140625 0.03203125 0.09375
0 0.59609375 0.5078125 0.02265625 0.04453125
0 0.57890625 0.4484375 0.01796875 0.05390625
0 0.59609375 0.45546875 0.02578125 0.059375
0 0.68671875 0.48671875 0.0171875 0.05234375
0 0.703125 0.4875 0.02265625 0.0578125
0 0.62109375 0.27578125 0.01875 0.05546875
0 0.534375 0.29765625 0.0234375 0.0484375
0 0.5140625 0.2921875 0.02421875 0.03828125
0 0.4375 0.2921875 0.03046875 0.0421875
0 0.37734375 0.34140625 0.02421875 0.04453125
0 0.27578125 0.44140625 0.0296875 0.04765625
0 0.25390625 0.43828125 0.021875 0.06328125
0 0.22578125 0.45859375 0.02109375 0.06640625
0 0.203125 0.46484375 0.01953125 0.0578125
0 0.21875 0.221875 0.01953125 0.05078125
0 0.29609375 0.3046875 0.01875 0.04140625
0 0.31171875 0.315625 0.0265625 0.04609375
0 0.57578125 0.24296875 0.02109375 0.034375
0 0.55703125 0.2421875 0.01875 0.04609375
0 0.59296875 0.25078125 0.025 0.0421875
0 0.65546875 0.26171875 0.0171875 0.04375
0 0.6421875 0.25703125 0.01640625 0.04609375
0 0.46953125 0.2234375 0.015625 0.05
0 0.30859375 0.19453125 0.01953125 0.0546875
0 0.28515625 0.20390625 0.0171875 0.0453125
0 0.2703125 0.21328125 0.015625 0.05078125
0 0.1390625 0.25390625 0.02734375 0.03984375
0 0.1953125 0.22578125 0.0203125 0.0421875
0 0.0953125 0.28046875 0.02265625 0.04296875
0 0.1890625 0.41953125 0.01875 0.05859375
0 0.17890625 0.41328125 0.01796875 0.059375
0 0.53203125 0.23359375 0.01640625 0.05
0 0.065625 0.41015625 0.021875 0.0796875
0 0.046875 0.4171875 0.01640625 0.07421875
0 0.11484375 0.33359375 0.015625 0.05546875
0 0.0953125 0.34375 0.02421875 0.05234375