0 0.621875 0.70546875 0.0390625 0.1375
0 0.7921875 0.846875 0.046875 0.13671875
0 0.56328125 0.62109375 0.04296875 0.13984375
0 0.41640625 0.8921875 0.07265625 0.16328125
0 0.2640625 0.86796875 0.0515625 0.1609375
0 0.08203125 0.946875 0.053125 0.10625
0 0.21484375 0.4390625 0.05546875 0.07734375
0 0.21953125 0.36640625 0.0578125 0.06484375
0 0.240625 0.296875 0.04453125 0.0640625
0 0.24765625 0.246875 0.0390625 0.06328125
0 0.25859375 0.1875 0.0390625 0.06640625
0 0.38125 0.321875 0.03125 0.115625
0 0.73125 0.459375 0.0296875 0.121875
0 0.84609375 0.54609375 0.046875 0.14609375
0 0.8359375 0.43515625 0.0328125 0.1109375
0 0.59765625 0.465625 0.04609375 0.0734375
0 0.496875 0.4203125 0.03984375 0.07109375
0 0.45234375 0.3296875 0.025 0.0890625
0 0.51484375 0.24453125 0.02578125 0.0484375
0 0.60390625 0.31640625 0.03515625 0.07578125
0 0.63125 0.3921875 0.04296875 0.075
0 0.69140625 0.353125 0.028125 0.0984375
0 0.6359375 0.21328125 0.03359375 0.0921875
0 0.66015625 0.2109375 0.02265625 0.1015625
0 0.540625 0.12265625 0.02578125 0.06328125
0 0.5046875 0.115625 0.03671875 0.0546875
0 0.5203125 0.290625 0.03046875 0.05703125
0 0.5 0.33125 0.03046875 0.06015625
0 0.4765625 0.2640625 0.0265625 0.0546875
0 0.403125 0.0234375 0.02421875 0.046875
0 0.28203125 0.06171875 0.034375 0.06328125
0 0.28984375 0.01640625 0.0296875 0.0328125
0 0.36328125 0.0359375 0.0359375 0.0453125
0 0.14296875 0.4359375 0.0359375 0.0796875
0 0.16328125 0.37578125 0.02578125 0.075
0 0.11484375 0.53515625 0.03828125 0.078125
0 0.159375 0.21171875 0.025 0.078125