0 0.68515625 0.8546875 0.04609375 0.13828125
0 0.67109375 0.5109375 0.0546875 0.09375
0 0.59453125 0.46875 0.046875 0.07421875
0 0.634375 0.39453125 0.03671875 0.0703125
0 0.60703125 0.3265625 0.05390625 0.07734375
0 0.44921875 0.45625 0.04609375 0.1328125
0 0.49609375 0.42890625 0.03828125 0.07890625
0 0.4484375 0.15078125 0.03125 0.06875
0 0.30234375 0.35234375 0.03359375 0.11484375
0 0.215625 0.37734375 0.0421875 0.090625
0 0.2296875 0.3484375 0.04140625 0.07421875
0 0.23046875 0.30859375 0.04140625 0.07890625
0 0.2421875 0.25234375 0.0390625 0.0671875
0 0.2609375 0.2015625 0.0359375 0.06796875
0 0.2796875 0.07265625 0.03203125 0.0515625
0 0.28828125 0.03359375 0.0296875 0.0515625
0 0.36015625 0.04296875 0.0375 0.0515625
0 0.47265625 0.028125 0.0125 0.05625
0 0.11796875 0.50390625 0.04453125 0.06640625
0 0.12890625 0.46015625 0.040625 0.071875
0 0.1375 0.42421875 0.03984375 0.05546875
0 0.15625 0.3859375 0.034375 0.0765625
0 0.1828125 0.21328125 0.01796875 0.09296875
0 0.203125 0.17890625 0.02265625 0.08359375
0 0.04453125 0.5203125 0.03125 0.09140625
0 0.4703125 0.259375 0.03203125 0.0859375
0 0.4625 0.19765625 0.0359375 0.07890625
0 0.7390625 0.30078125 0.03203125 0.10859375
0 0.76015625 0.290625 0.02265625 0.09609375