0 0.35234375 0.83984375 0.03203125 0.12421875
0 0.38984375 0.821875 0.03125 0.109375
0 0.296875 0.82890625 0.02734375 0.128125
0 0.25234375 0.8421875 0.028125 0.1125
0 0.375 0.95 0.0515625 0.09921875
0 0.41875 0.92890625 0.04375 0.1421875
0 0.48984375 0.9625 0.04609375 0.07421875
0 0.603125 0.93125 0.04765625 0.13671875
0 0.875 0.96953125 0.040625 0.059375
0 0.903125 0.9375 0.03046875 0.12421875
0 0.94296875 0.96953125 0.0265625 0.0609375
0 0.9703125 0.8390625 0.04765625 0.13125
0 0.8640625 0.8546875 0.04453125 0.15
0 0.8078125 0.89140625 0.04296875 0.17734375
0 0.78671875 0.84375 0.034375 0.128125
0 0.73203125 0.78359375 0.021875 0.11953125
0 0.75625 0.78125 0.02109375 0.1109375
0 0.665625 0.7734375 0.025 0.09609375
0 0.63515625 0.775 0.03359375 0.08984375
0 0.58203125 0.73828125 0.028125 0.0796875
0 0.50546875 0.778125 0.0328125 0.0890625
0 0.5421875 0.721875 0.0234375 0.07578125
0 0.4828125 0.753125 0.02421875 0.0765625
0 0.4578125 0.72109375 0.02109375 0.0671875
0 0.4421875 0.71875 0.0171875 0.06953125
0 0.48828125 0.71484375 0.01796875 0.0625
0 0.3859375 0.7015625 0.02109375 0.06953125
0 0.325 0.7203125 0.02109375 0.065625
0 0.19921875 0.73515625 0.01796875 0.06953125
0 0.11796875 0.85859375 0.04375 0.175
0 0.1046875 0.74765625 0.0296875 0.078125
0 0.075 0.803125 0.0265625 0.109375
0 0.1125 0.9609375 0.04296875 0.078125
0 0.06484375 0.959375 0.04921875 0.08046875
0 0.03984375 0.934375 0.0359375 0.07578125
0 0.03515625 0.7625 0.0203125 0.0796875
0 0.0671875 0.721875 0.0171875 0.090625
0 0.2609375 0.67890625 0.0125 0.04609375