0 0.71875 0.878125 0.04296875 0.15078125
0 0.828125 0.871875 0.0390625 0.121875
0 0.92890625 0.89921875 0.03515625 0.1515625
0 0.67578125 0.946875 0.05625 0.1015625
0 0.5546875 0.959375 0.05859375 0.0765625
0 0.4546875 0.97109375 0.0390625 0.0578125
0 0.45 0.94453125 0.05 0.1109375
0 0.38671875 0.96171875 0.04453125 0.0765625
0 0.3359375 0.94375 0.04609375 0.11171875
0 0.27109375 0.8609375 0.0328125 0.1078125
0 0.2875 0.84296875 0.02890625 0.10625
0 0.325 0.81171875 0.034375 0.10625
0 0.40859375 0.83203125 0.03828125 0.14609375
0 0.44453125 0.784375 0.028125 0.11015625
0 0.5 0.7640625 0.0203125 0.09453125
0 0.4796875 0.7546875 0.025 0.08359375
0 0.53359375 0.7453125 0.01953125 0.07265625
0 0.3703125 0.7109375 0.01796875 0.06171875
0 0.428125 0.71484375 0.01640625 0.0703125
0 0.340625 0.6921875 0.01328125 0.06171875
0 0.2109375 0.85625 0.0375 0.12734375
0 0.08203125 0.94921875 0.053125 0.1015625
0 0.146875 0.85390625 0.034375 0.11484375
0 0.18046875 0.81171875 0.034375 0.0890625
0 0.16015625 0.73125 0.02109375 0.078125
0 0.13203125 0.721875 0.025 0.06875
0 0.60859375 0.8296875 0.02265625 0.11328125
0 0.61640625 0.765625 0.02265625 0.06796875
0 0.190625 0.703125 0.01953125 0.05625
0 0.090625 0.74375 0.0203125 0.06953125
0 0.31171875 0.6625 0.0109375 0.0375
0 0.328125 0.6796875 0.0140625 0.0484375
0 0.35703125 0.66171875 0.01328125 0.04453125
0 0.08046875 0.84375 0.025 0.07578125
0 0.0546875 0.9015625 0.028125 0.075
0 0.05703125 0.8265625 0.0234375 0.06484375
0 0.05625 0.7546875 0.025 0.06875