0 0.78125 0.83203125 0.0234375 0.121875
0 0.8265625 0.81484375 0.03046875 0.1296875
0 0.88515625 0.815625 0.03359375 0.121875
0 0.9796875 0.8671875 0.03125 0.13828125
0 0.66875 0.946875 0.03125 0.1015625
0 0.6390625 0.93046875 0.03359375 0.1390625
0 0.55625 0.86875 0.0375 0.1359375
0 0.3734375 0.9625 0.0484375 0.07421875
0 0.06171875 0.96484375 0.06484375 0.06640625
0 0.15390625 0.97734375 0.0453125 0.0453125
0 0.21328125 0.97890625 0.0453125 0.0421875
0 0.25078125 0.80625 0.021875 0.1109375
0 0.12890625 0.9078125 0.0390625 0.14765625
0 0.0890625 0.78671875 0.025 0.10234375
0 0.11328125 0.725 0.02421875 0.0625
0 0.34375 0.74453125 0.01796875 0.0765625
0 0.36640625 0.72734375 0.015625 0.065625
0 0.43203125 0.75546875 0.0203125 0.06875
0 0.4921875 0.7703125 0.02265625 0.0890625
0 0.53359375 0.76328125 0.01953125 0.0796875
0 0.6390625 0.79140625 0.034375 0.09375
0 0.4640625 0.75234375 0.021875 0.0875
0 0.0359375 0.875 0.04375 0.11015625
0 0.05859375 0.81171875 0.03671875 0.103125
0 0.26015625 0.72578125 0.01953125 0.0671875
0 0.2890625 0.7140625 0.0140625 0.053125
0 0.31640625 0.69453125 0.0125 0.05546875
0 0.33359375 0.68359375 0.01875 0.04765625
0 0.1765625 0.7203125 0.01640625 0.0515625
0 0.07578125 0.72421875 0.025 0.0671875