0 0.88828125 0.91640625 0.0421875 0.1671875
0 0.84375 0.83828125 0.04765625 0.1296875
0 0.69140625 0.865625 0.03671875 0.134375
0 0.653125 0.83515625 0.03671875 0.13984375
0 0.54609375 0.79453125 0.03984375 0.1046875
0 0.63828125 0.95234375 0.0515625 0.0953125
0 0.378125 0.90859375 0.04765625 0.1125
0 0.353125 0.87890625 0.04765625 0.12421875
0 0.315625 0.96953125 0.05 0.0609375
0 0.13515625 0.89453125 0.0484375 0.1765625
0 0.0734375 0.8453125 0.0296875 0.11484375
0 0.40625 0.790625 0.02890625 0.09765625
0 0.51171875 0.71953125 0.0203125 0.0671875
0 0.64609375 0.753125 0.01953125 0.06328125
0 0.665625 0.75234375 0.021875 0.07109375
0 0.603125 0.73515625 0.01953125 0.08203125
0 0.44140625 0.71171875 0.01953125 0.0765625
0 0.40546875 0.703125 0.015625 0.08046875
0 0.42265625 0.70390625 0.015625 0.065625
0 0.328125 0.72109375 0.0203125 0.0671875
0 0.36484375 0.79609375 0.0203125 0.07421875
0 0.2203125 0.75859375 0.0234375 0.08671875
0 0.103125 0.7375 0.01640625 0.08203125
0 0.05859375 0.75078125 0.0328125 0.08828125
0 0.03515625 0.79296875 0.02578125 0.0890625
0 0.0953125 0.978125 0.0484375 0.04375
0 0.7359375 0.79296875 0.02734375 0.103125