0 0.31953125 0.59609375 0.04921875 0.14921875
0 0.43359375 0.49296875 0.0328125 0.1328125
0 0.471875 0.5 0.0359375 0.13984375
0 0.75546875 0.5875 0.04140625 0.15078125
0 0.67890625 0.50859375 0.0390625 0.090625
0 0.60703125 0.47265625 0.034375 0.0921875
0 0.61484375 0.509375 0.03515625 0.0921875
0 0.540625 0.44453125 0.03125 0.0921875
0 0.496875 0.4234375 0.03671875 0.08671875
0 0.321875 0.87890625 0.05390625 0.1640625
0 0.18046875 0.91015625 0.05078125 0.11640625
0 0.0828125 0.7421875 0.05078125 0.16484375
0 0.02734375 0.77265625 0.0359375 0.15078125
0 0.0453125 0.62265625 0.04140625 0.14296875
0 0.0734375 0.41875 0.04609375 0.121875
0 0.04765625 0.54453125 0.046875 0.11484375
0 0.13046875 0.50859375 0.046875 0.08046875
0 0.1171875 0.55234375 0.05390625 0.08046875
0 0.153125 0.39375 0.040625 0.0828125
0 0.1671875 0.34453125 0.04453125 0.0890625
0 0.209375 0.42890625 0.05390625 0.07890625
0 0.2125 0.3953125 0.0453125 0.07109375
0 0.2265625 0.346875 0.0390625 0.0671875
0 0.30390625 0.27890625 0.021875 0.090625
0 0.32890625 0.30625 0.025 0.0796875
0 0.24375 0.2375 0.0375 0.05859375
0 0.26015625 0.18984375 0.0296875 0.05625
0 0.20546875 0.19375 0.03359375 0.071875
0 0.171875 0.20078125 0.01875 0.07265625
0 0.1484375 0.2390625 0.02421875 0.07421875
0 0.36328125 0.20234375 0.028125 0.084375
0 0.3859375 0.1875 0.02734375 0.09609375
0 0.40546875 0.10859375 0.01953125 0.0796875
0 0.27265625 0.1375 0.0203125 0.0734375
0 0.378125 0.0734375 0.01640625 0.0859375
0 0.3546875 0.0578125 0.01953125 0.08515625
0 0.334375 0.0421875 0.02578125 0.04609375
0 0.271875 0.0734375 0.03125 0.0390625
0 0.28359375 0.01484375 0.028125 0.02890625
0 0.5015625 0.13046875 0.02734375 0.0515625
0 0.5484375 0.14765625 0.028125 0.04921875
0 0.4640625 0.13125 0.0234375 0.04921875
0 0.6375 0.390625 0.0328125 0.0671875
0 0.60390625 0.3171875 0.04609375 0.06953125
0 0.57265625 0.35703125 0.03125 0.075
0 0.5359375 0.35 0.03359375 0.0640625
0 0.5046875 0.328125 0.03125 0.0625
0 0.48671875 0.31953125 0.0375 0.06875
0 0.48046875 0.2609375 0.01875 0.05703125
0 0.5125 0.25703125 0.0265625 0.06015625
0 0.55703125 0.28359375 0.0328125 0.06640625
0 0.5828125 0.246875 0.03125 0.0625
0 0.4609375 0.20859375 0.02578125 0.07265625
0 0.78203125 0.590625 0.03515625 0.115625
0 0.65 0.215625 0.021875 0.09296875