0 0.53046875 0.8421875 0.0328125 0.1046875
0 0.42109375 0.95 0.04140625 0.09921875
0 0.37734375 0.9625 0.0484375 0.07421875
0 0.12421875 0.90390625 0.04609375 0.1484375
0 0.10390625 0.73828125 0.02265625 0.07421875
0 0.93125 0.93671875 0.03671875 0.1265625
0 0.6828125 0.85 0.034375 0.1234375
0 0.8984375 0.8125 0.0265625 0.11484375
0 0.6140625 0.79921875 0.028125 0.1109375
0 0.54375 0.7703125 0.02890625 0.10625
0 0.52265625 0.74921875 0.025 0.08828125
0 0.48984375 0.7375 0.02109375 0.07421875
0 0.4640625 0.7453125 0.021875 0.0890625
0 0.428125 0.7703125 0.02265625 0.0890625
0 0.36328125 0.759375 0.0234375 0.08046875
0 0.38203125 0.7484375 0.025 0.0625
0 0.27890625 0.73515625 0.01484375 0.065625
0 0.24296875 0.7703125 0.02421875 0.0890625
0 0.85625 0.80234375 0.02265625 0.1078125
0 0.065625 0.92578125 0.0390625 0.14765625
0 0.05078125 0.94453125 0.04140625 0.1109375
0 0.0546875 0.82734375 0.028125 0.08984375
0 0.0328125 0.82890625 0.025 0.09140625
0 0.07265625 0.75703125 0.0171875 0.08671875
0 0.05625 0.75234375 0.01953125 0.07734375
0 0.26015625 0.94765625 0.0328125 0.1046875
0 0.21875 0.96328125 0.0328125 0.0734375
0 0.59140625 0.76328125 0.015625 0.0671875
0 0.57578125 0.75078125 0.01796875 0.065625
0 0.59375 0.73359375 0.02265625 0.0546875
0 0.88828125 0.9765625 0.0296875 0.046875
0 0.34375 0.68046875 0.01484375 0.05
0 0.33125 0.728125 0.02265625 0.05234375
0 0.2875 0.70625 0.009375 0.040625