0 0.51328125 0.925 0.0421875 0.1453125
0 0.56484375 0.94609375 0.03125 0.1078125
0 0.88515625 0.8796875 0.03359375 0.13359375
0 0.965625 0.85390625 0.0453125 0.1578125
0 0.93203125 0.82421875 0.03515625 0.13515625
0 0.88828125 0.81171875 0.03671875 0.10625
0 0.7859375 0.81015625 0.02734375 0.115625
0 0.7421875 0.82109375 0.04140625 0.13359375
0 0.56875 0.79296875 0.03203125 0.11796875
0 0.3765625 0.96171875 0.0578125 0.0765625
0 0.32734375 0.96640625 0.0640625 0.0671875
0 0.26953125 0.83828125 0.03046875 0.11328125
0 0.2484375 0.90078125 0.0328125 0.1140625
0 0.240625 0.925 0.03125 0.1125
0 0.1953125 0.94609375 0.0375 0.1078125
0 0.1484375 0.94453125 0.046875 0.1109375
0 0.140625 0.96640625 0.053125 0.0671875
0 0.4984375 0.76171875 0.02421875 0.0890625
0 0.47265625 0.75234375 0.02890625 0.07890625
0 0.41484375 0.7296875 0.02421875 0.08359375
0 0.17265625 0.73671875 0.01875 0.07265625
0 0.28359375 0.71640625 0.01640625 0.06640625
0 0.5359375 0.75625 0.021875 0.09453125
0 0.384375 0.71796875 0.02109375 0.0765625
0 0.58984375 0.7453125 0.01796875 0.0859375
0 0.103125 0.92890625 0.06015625 0.13515625
0 0.08203125 0.81015625 0.034375 0.1015625
0 0.1078125 0.73125 0.02890625 0.078125
0 0.35 0.68046875 0.02265625 0.06875
0 0.05078125 0.89921875 0.02890625 0.1125
0 0.01640625 0.91953125 0.02578125 0.09765625
0 0.0359375 0.8109375 0.028125 0.07890625
0 0.06015625 0.76796875 0.0171875 0.08203125
0 0.07421875 0.740625 0.02109375 0.06328125
0 0.2625 0.70390625 0.0125 0.03671875
0 0.0484375 0.7484375 0.02578125 0.08828125