0 0.334375 0.809375 0.0484375 0.159375
0 0.62265625 0.8765625 0.071875 0.1546875
0 0.8796875 0.82265625 0.04609375 0.12578125
0 0.925 0.7 0.03515625 0.121875
0 0.9609375 0.74375 0.04765625 0.153125
0 0.8046875 0.5484375 0.02890625 0.11875
0 0.83359375 0.5609375 0.028125 0.12578125
0 0.8546875 0.578125 0.0203125 0.11796875
0 0.87890625 0.5828125 0.0359375 0.1421875
0 0.67109375 0.50390625 0.0328125 0.08125
0 0.6046875 0.325 0.0421875 0.084375
0 0.5703125 0.24921875 0.02890625 0.08046875
0 0.5546875 0.178125 0.03203125 0.07734375
0 0.534375 0.10859375 0.02421875 0.05859375
0 0.49609375 0.340625 0.0375 0.0828125
0 0.4921875 0.42890625 0.0390625 0.08359375
0 0.47578125 0.2609375 0.034375 0.071875
0 0.28828125 0.40703125 0.03515625 0.1234375
0 0.2921875 0.37109375 0.021875 0.0984375
0 0.26953125 0.33515625 0.0296875 0.09609375
0 0.25 0.40546875 0.02421875 0.11171875
0 0.2484375 0.24140625 0.0359375 0.06953125
0 0.25703125 0.190625 0.03515625 0.05234375
0 0.22890625 0.29921875 0.0375 0.06953125
0 0.28125 0.06640625 0.03671875 0.04921875
0 0.29375 0.02109375 0.0359375 0.0421875
0 0.20703125 0.609375 0.0546875 0.1625
0 0.1828125 0.7921875 0.040625 0.15703125
0 0.175 0.36171875 0.025 0.06953125
0 0.6640625 0.1578125 0.0203125 0.078125
0 0.58671875 0.0828125 0.01875 0.071875