0 0.80859375 0.809375 0.02734375 0.11015625
0 0.83359375 0.80625 0.0328125 0.1328125
0 0.9421875 0.95625 0.0453125 0.08671875
0 0.71796875 0.81953125 0.0296875 0.1171875
0 0.74765625 0.8109375 0.02265625 0.1171875
0 0.77890625 0.8109375 0.0234375 0.1171875
0 0.61875 0.75859375 0.028125 0.09921875
0 0.66015625 0.75703125 0.025 0.08828125
0 0.59296875 0.759375 0.0265625 0.071875
0 0.4828125 0.74921875 0.02890625 0.08515625
0 0.43359375 0.73359375 0.02265625 0.07890625
0 0.40078125 0.78984375 0.0265625 0.090625
0 0.38125 0.8703125 0.03671875 0.10625
0 0.33671875 0.88203125 0.03046875 0.121875
0 0.3 0.87890625 0.0265625 0.12421875
0 0.25703125 0.86015625 0.03203125 0.115625
0 0.24375 0.77265625 0.02265625 0.07421875
0 0.3703125 0.9609375 0.040625 0.07109375
0 0.43046875 0.96796875 0.03203125 0.0640625
0 0.4125 0.971875 0.02109375 0.05546875
0 0.484375 0.96015625 0.040625 0.0796875
0 0.11484375 0.803125 0.0296875 0.11015625
0 0.303125 0.70546875 0.01484375 0.0484375
0 0.32109375 0.696875 0.0171875 0.059375
0 0.340625 0.6921875 0.01328125 0.0546875
0 0.35859375 0.6796875 0.01640625 0.0578125
0 0.31171875 0.728125 0.015625 0.05625
0 0.4015625 0.696875 0.01640625 0.059375
0 0.1921875 0.75859375 0.0234375 0.0828125
0 0.1671875 0.83125 0.01640625 0.090625
0 0.184375 0.859375 0.02890625 0.12109375
0 0.071875 0.94453125 0.04765625 0.1109375
0 0.07109375 0.77109375 0.0203125 0.0875
0 0.084375 0.71484375 0.0234375 0.06640625
0 0.00625 0.9453125 0.0125 0.0796875
0 0.228125 0.96953125 0.04296875 0.06015625
0 0.2765625 0.95390625 0.04296875 0.0921875
0 0.19765625 0.72734375 0.01875 0.06015625
0 0.30703125 0.68515625 0.01171875 0.0453125
0 0.46796875 0.7265625 0.015625 0.07734375