0 0.4546875 0.85390625 0.03515625 0.11796875
0 0.53828125 0.83828125 0.03515625 0.12734375
0 0.61015625 0.95 0.05390625 0.09921875
0 0.6765625 0.95859375 0.0421875 0.0828125
0 0.8921875 0.93359375 0.0390625 0.1328125
0 0.9390625 0.94453125 0.0375 0.1109375
0 0.40546875 0.90703125 0.04609375 0.11796875
0 0.3875 0.959375 0.05546875 0.08046875
0 0.33515625 0.8609375 0.0359375 0.1375
0 0.30078125 0.88828125 0.02890625 0.159375
0 0.26796875 0.871875 0.03828125 0.14609375
0 0.18359375 0.91015625 0.0328125 0.1453125
0 0.2328125 0.940625 0.03515625 0.11796875
0 0.1421875 0.79453125 0.02578125 0.1046875
0 0.11640625 0.72421875 0.03046875 0.1109375
0 0.09609375 0.73828125 0.025 0.109375
0 0.07890625 0.95 0.05 0.09921875
0 0.0953125 0.921875 0.0328125 0.15546875
0 0.046875 0.91640625 0.0375 0.1671875
0 0.35625 0.70390625 0.01484375 0.05234375
0 0.4984375 0.740625 0.0203125 0.071875
0 0.4546875 0.76640625 0.03125 0.07734375
0 0.59375 0.809375 0.0265625 0.08828125
0 0.56484375 0.771875 0.02421875 0.09609375
0 0.58828125 0.75078125 0.0265625 0.08046875
0 0.38984375 0.7046875 0.02109375 0.0671875
0 0.27265625 0.69296875 0.0203125 0.06015625
0 0.32109375 0.68359375 0.01875 0.04609375
0 0.0625 0.74765625 0.01953125 0.06796875
0 0.06796875 0.8203125 0.028125 0.0890625
0 0.109375 0.81328125 0.0234375 0.08828125
0 0.1765625 0.85 0.03125 0.09296875