0 0.43984375 0.92421875 0.0328125 0.0921875
0 0.51484375 0.69765625 0.03125 0.07890625
0 0.45859375 0.65625 0.03046875 0.065625
0 0.46875 0.51796875 0.02265625 0.0796875
0 0.5078125 0.53984375 0.0234375 0.07265625
0 0.4234375 0.4828125 0.02421875 0.0609375
0 0.41171875 0.5 0.02578125 0.071875
0 0.5078125 0.2640625 0.0234375 0.06796875
0 0.48515625 0.25625 0.02890625 0.06171875
0 0.48984375 0.10859375 0.021875 0.05390625
0 0.290625 0.46328125 0.03046875 0.059375
0 0.253125 0.46953125 0.02421875 0.0390625
0 0.2203125 0.46328125 0.0328125 0.0546875
0 0.1171875 0.26953125 0.03046875 0.046875
0 0.146875 0.271875 0.02734375 0.0375