0 0.4734375 0.32421875 0.02265625 0.07734375
0 0.4984375 0.23359375 0.0171875 0.0671875
0 0.465625 0.18984375 0.01796875 0.07265625
0 0.49375 0.1015625 0.01875 0.05703125
0 0.4671875 0.06640625 0.0140625 0.05234375
0 0.50390625 0.55234375 0.0203125 0.08046875
0 0.475 0.55234375 0.0171875 0.0703125
0 0.44609375 0.49609375 0.0234375 0.0828125
0 0.41875 0.509375 0.01875 0.06328125
0 0.4171875 0.77109375 0.02890625 0.0875
0 0.41015625 0.73359375 0.02578125 0.07734375
0 0.5609375 0.93046875 0.040625 0.08671875
0 0.3375 0.925 0.02578125 0.0984375
0 0.36796875 0.95546875 0.03046875 0.08515625
0 0.2296875 0.953125 0.0390625 0.09375
0 0.1109375 0.9546875 0.02421875 0.07890625
0 0.06953125 0.93984375 0.03984375 0.08671875
0 0.1375 0.86328125 0.03046875 0.08125