0 0.49375 0.66640625 0.0296875 0.09453125
0 0.53046875 0.5921875 0.0265625 0.07578125
0 0.4796875 0.48359375 0.0296875 0.0953125
0 0.540625 0.3890625 0.02421875 0.09609375
0 0.51640625 0.3078125 0.02578125 0.0953125
0 0.5375 0.2984375 0.02109375 0.0625
0 0.54609375 0.24765625 0.01640625 0.071875
0 0.48671875 0.271875 0.01875 0.0828125
0 0.465625 0.265625 0.0234375 0.084375
0 0.44453125 0.296875 0.02109375 0.07734375
0 0.4203125 0.29296875 0.01953125 0.07421875
0 0.46171875 0.13203125 0.02265625 0.07265625
0 0.3890625 0.65625 0.02421875 0.08828125
0 0.36328125 0.65859375 0.0203125 0.075
0 0.36796875 0.80078125 0.02734375 0.090625
0 0.2875 0.88125 0.034375 0.09375
0 0.20234375 0.88828125 0.028125 0.0984375
0 0.1796875 0.921875 0.0375 0.10546875
0 0.06796875 0.965625 0.028125 0.0640625
0 0.915625 0.265625 0.01640625 0.06640625
0 0.8484375 0.17421875 0.0203125 0.0640625
0 0.83203125 0.15078125 0.015625 0.06875
0 0.1984375 0.33515625 0.02265625 0.07109375