0 0.58515625 0.74921875 0.03359375 0.1140625
0 0.575 0.83671875 0.04296875 0.11015625
0 0.40703125 0.90078125 0.040625 0.14140625
0 0.2109375 0.80703125 0.03046875 0.1125
0 0.28046875 0.790625 0.04296875 0.1140625
0 0.13671875 0.6546875 0.02578125 0.11328125
0 0.546875 0.58984375 0.02734375 0.1125
0 0.58046875 0.60703125 0.034375 0.09609375
0 0.68828125 0.446875 0.03125 0.09296875
0 0.5703125 0.33984375 0.0265625 0.09609375
0 0.53828125 0.346875 0.01875 0.103125
0 0.23125 0.2109375 0.025 0.07890625
0 0.74375 0.3546875 0.021875 0.10078125
0 0.84921875 0.45078125 0.02734375 0.1015625
0 0.8046875 0.4328125 0.03046875 0.09453125
0 0.76796875 0.45625 0.0296875 0.1109375
0 0.74609375 0.7453125 0.0421875 0.10625
0 0.82734375 0.6765625 0.0265625 0.103125
0 0.86328125 0.6578125 0.03125 0.10703125
0 0.9390625 0.6640625 0.0296875 0.0984375
0 0.95 0.740625 0.025 0.09765625
0 0.95078125 0.8515625 0.0234375 0.10625
0 0.875 0.4015625 0.01875 0.0859375
0 0.81953125 0.37421875 0.021875 0.0890625
0 0.784375 0.28203125 0.01640625 0.07578125
0 0.771875 0.259375 0.01875 0.071875
0 0.77890625 0.2 0.01640625 0.053125
0 0.7515625 0.18359375 0.01640625 0.053125
0 0.73828125 0.13828125 0.0140625 0.0546875
0 0.89765625 0.4484375 0.02109375 0.090625
0 0.51015625 0.5328125 0.03046875 0.0734375
0 0.75234375 0.603125 0.0296875 0.07578125
0 0.81328125 0.61015625 0.02265625 0.12734375