0 0.6796875 0.46328125 0.0234375 0.096875
0 0.6125 0.42890625 0.01875 0.08984375
0 0.64453125 0.3734375 0.025 0.1
0 0.5375 0.41484375 0.021875 0.08359375
0 0.371875 0.26640625 0.021875 0.08125
0 0.0328125 0.26875 0.02265625 0.08671875
0 0.2078125 0.15234375 0.01953125 0.0625
0 0.2203125 0.15546875 0.01640625 0.07265625
0 0.62109375 0.76015625 0.0328125 0.06171875
0 0.6984375 0.73671875 0.0328125 0.0890625
0 0.91796875 0.74140625 0.03203125 0.12734375
0 0.89765625 0.61875 0.034375 0.09140625
0 0.8 0.52265625 0.025 0.07421875
0 0.82421875 0.51640625 0.025 0.07734375
0 0.95390625 0.56796875 0.02421875 0.08984375
0 0.975 0.5609375 0.03203125 0.0875
0 0.91171875 0.5046875 0.02578125 0.09140625
0 0.9078125 0.44765625 0.02109375 0.078125
0 0.83984375 0.4296875 0.0234375 0.07421875
0 0.79453125 0.371875 0.01640625 0.0796875
0 0.7953125 0.32734375 0.02109375 0.0625
0 0.78125 0.32265625 0.0171875 0.07421875
0 0.79609375 0.29140625 0.02265625 0.0703125
0 0.76953125 0.2796875 0.01953125 0.075
0 0.1453125 0.7765625 0.03984375 0.11015625
0 0.09375 0.721875 0.03671875 0.109375
0 0.01484375 0.7453125 0.0296875 0.10625
0 0.853125 0.5453125 0.03046875 0.10625
0 0.86796875 0.54296875 0.02578125 0.08984375
0 0.87265625 0.50703125 0.02734375 0.09609375
0 0.74453125 0.19296875 0.01875 0.0640625
0 0.72890625 0.140625 0.01875 0.07265625
0 0.7078125 0.13046875 0.01875 0.06015625
0 0.50234375 0.56875 0.05078125 0.0671875
0 0.50625 0.5328125 0.04375 0.06953125