0 0.70078125 0.40859375 0.0203125 0.08671875
0 0.6671875 0.41171875 0.02734375 0.08984375
0 0.5859375 0.3421875 0.0234375 0.0875
0 0.5640625 0.3359375 0.0171875 0.075
0 0.58046875 0.5828125 0.021875 0.090625
0 0.684375 0.690625 0.0296875 0.1015625
0 0.6421875 0.725 0.034375 0.0953125
0 0.6734375 0.8015625 0.03203125 0.10234375
0 0.83984375 0.6609375 0.0296875 0.11171875
0 0.8796875 0.65625 0.01953125 0.090625
0 0.83984375 0.5453125 0.02109375 0.0984375
0 0.8 0.52421875 0.02109375 0.09765625
0 0.82109375 0.51640625 0.02421875 0.103125
0 0.87578125 0.52265625 0.02578125 0.0984375
0 0.90859375 0.6 0.021875 0.090625
0 0.946875 0.61015625 0.0296875 0.103125
0 0.91796875 0.68828125 0.0296875 0.096875
0 0.928125 0.81640625 0.02734375 0.09921875
0 0.95859375 0.809375 0.02421875 0.1140625
0 0.90625 0.91171875 0.03515625 0.1265625
0 0.96328125 0.90859375 0.03203125 0.14921875
0 0.215625 0.75859375 0.05234375 0.1125
0 0.446875 0.746875 0.0453125 0.10546875
0 0.50078125 0.71640625 0.04453125 0.11640625
0 0.09765625 0.728125 0.0359375 0.10625
0 0.8265625 0.39140625 0.021875 0.08125
0 0.83984375 0.3421875 0.02109375 0.06640625
0 0.80390625 0.28359375 0.01796875 0.07890625
0 0.76796875 0.215625 0.01875 0.059375
0 0.78671875 0.303125 0.01953125 0.07109375
0 0.71796875 0.175 0.025 0.06640625
0 0.4984375 0.55703125 0.0421875 0.071875
0 0.4828125 0.59140625 0.0359375 0.0984375
0 0.50234375 0.51171875 0.03828125 0.06953125
0 0.50546875 0.3296875 0.02578125 0.06640625