0 0.3765625 0.70390625 0.0375 0.0953125
0 0.89609375 0.61328125 0.03828125 0.11015625
0 0.59375 0.51875 0.0265625 0.0953125
0 0.66171875 0.42890625 0.0265625 0.08984375
0 0.62265625 0.40859375 0.02890625 0.0828125
0 0.7765625 0.7421875 0.03515625 0.1046875
0 0.853125 0.8265625 0.0453125 0.11015625
0 0.93203125 0.8171875 0.03515625 0.1125
0 0.9609375 0.821875 0.03125 0.12578125
0 0.91015625 0.89296875 0.0421875 0.10078125
0 0.85625 0.62734375 0.03125 0.09140625
0 0.83984375 0.54453125 0.03125 0.0875
0 0.82578125 0.50859375 0.02578125 0.07578125
0 0.803125 0.52890625 0.02421875 0.10234375
0 0.8453125 0.44453125 0.02890625 0.10859375
0 0.95078125 0.51953125 0.03125 0.10078125
0 0.940625 0.5984375 0.03125 0.109375
0 0.70078125 0.33125 0.0203125 0.0875
0 0.78125 0.2265625 0.0234375 0.06953125
0 0.76953125 0.2796875 0.021875 0.075
0 0.87265625 0.3453125 0.02890625 0.08984375
0 0.8453125 0.35625 0.0234375 0.0875
0 0.82890625 0.35703125 0.02109375 0.0890625
0 0.79375 0.359375 0.0203125 0.08125
0 0.8109375 0.334375 0.0265625 0.084375
0 0.24765625 0.26328125 0.021875 0.09296875
0 0.49921875 0.521875 0.03984375 0.0765625
0 0.73984375 0.2 0.015625 0.06015625
0 0.49375 0.55078125 0.0484375 0.07734375
0 0.48203125 0.590625 0.03203125 0.10078125
0 0.653125 0.69140625 0.03671875 0.08515625
0 0.65 0.7234375 0.0375 0.0796875
0 0.6484375 0.75859375 0.04609375 0.090625
0 0.9328125 0.73203125 0.02890625 0.0734375
0 0.984375 0.78515625 0.02421875 0.10078125
0 0.8234375 0.59453125 0.0328125 0.11484375