0 0.44140625 0.66015625 0.02421875 0.0953125
0 0.37734375 0.65546875 0.02265625 0.078125
0 0.4703125 0.50390625 0.0234375 0.08515625
0 0.51640625 0.48828125 0.02890625 0.090625
0 0.51171875 0.36171875 0.02578125 0.0734375
0 0.54375 0.25625 0.028125 0.0765625
0 0.53671875 0.28046875 0.0265625 0.07734375
0 0.45390625 0.38984375 0.02421875 0.0734375
0 0.39140625 0.39140625 0.0359375 0.07265625
0 0.428125 0.290625 0.02734375 0.0703125
0 0.46484375 0.16015625 0.01875 0.07265625
0 0.4453125 0.13046875 0.01953125 0.06484375
0 0.425 0.17578125 0.01875 0.04921875
0 0.459375 0.121875 0.01796875 0.0609375
0 0.8625 0.34921875 0.0203125 0.0765625
0 0.20234375 0.26875 0.021875 0.07734375
0 0.2453125 0.19296875 0.0203125 0.03671875
0 0.27265625 0.190625 0.0296875 0.0453125
0 0.80234375 0.965625 0.01796875 0.06875
0 0.82265625 0.95625 0.021875 0.05
0 0.8453125 0.93203125 0.02265625 0.0515625
0 0.86328125 0.93359375 0.02109375 0.0734375