0 0.46171875 0.728125 0.025 0.07265625
0 0.48203125 0.71640625 0.02265625 0.0734375
0 0.38671875 0.884375 0.021875 0.05078125
0 0.33203125 0.85703125 0.02421875 0.05859375
0 0.35546875 0.8953125 0.021875 0.06484375
0 0.36875 0.91875 0.02109375 0.06953125
0 0.29375 0.83828125 0.0203125 0.07578125
0 0.31640625 0.81015625 0.02421875 0.0734375
0 0.246875 0.81796875 0.028125 0.08046875
0 0.2109375 0.80390625 0.0203125 0.08203125
0 0.184375 0.7890625 0.01484375 0.07734375
0 0.178125 0.68125 0.01640625 0.05390625
0 0.2375 0.66953125 0.01796875 0.05078125
0 0.165625 0.67265625 0.02421875 0.05703125
0 0.140625 0.65703125 0.02734375 0.04609375
0 0.09609375 0.6390625 0.02734375 0.05546875
0 0.09609375 0.728125 0.02265625 0.0671875
0 0.059375 0.74765625 0.015625 0.06484375
0 0.08515625 0.80390625 0.0171875 0.06484375
0 0.02578125 0.69765625 0.0125 0.04453125
0 0.1484375 0.8296875 0.02421875 0.0703125
0 0.16484375 0.809375 0.0265625 0.07109375
0 0.13203125 0.77890625 0.03515625 0.06484375
0 0.28515625 0.91328125 0.03828125 0.07421875
0 0.4671875 0.365625 0.01796875 0.0515625
0 0.4484375 0.359375 0.01796875 0.0546875
0 0.71640625 0.4578125 0.02421875 0.0734375
0 0.8953125 0.340625 0.0171875 0.04296875
0 0.93671875 0.43515625 0.0171875 0.05703125
0 0.953125 0.43359375 0.01875 0.04921875