0 0.74765625 0.46328125 0.02265625 0.08359375
0 0.725 0.46640625 0.021875 0.09765625
0 0.7078125 0.4515625 0.0234375 0.09765625
0 0.5765625 0.35546875 0.01875 0.09765625
0 0.8375 0.55078125 0.02890625 0.10859375
0 0.82578125 0.5078125 0.0203125 0.08515625
0 0.80078125 0.52109375 0.02890625 0.09140625
0 0.9109375 0.69375 0.02421875 0.09140625
0 0.94609375 0.6875 0.0296875 0.09453125
0 0.359375 0.7625 0.0296875 0.09140625
0 0.85859375 0.90703125 0.0328125 0.134375
0 0.94375 0.88203125 0.0265625 0.1125
0 0.9265625 0.86875 0.02421875 0.0953125
0 0.246875 0.7578125 0.03203125 0.0984375
0 0.32734375 0.70078125 0.034375 0.0953125
0 0.1140625 0.7265625 0.0359375 0.10625
0 0.0953125 0.2515625 0.0234375 0.0765625
0 0.78671875 0.34453125 0.01875 0.08203125
0 0.86484375 0.34765625 0.02109375 0.071875
0 0.9078125 0.46875 0.02109375 0.084375
0 0.728125 0.14140625 0.0140625 0.05703125
0 0.7671875 0.19921875 0.01640625 0.0515625
0 0.98203125 0.7265625 0.025 0.09375
0 0.96796875 0.6234375 0.0296875 0.0796875
0 0.4953125 0.55078125 0.040625 0.07109375
0 0.5015625 0.51484375 0.03828125 0.07734375
0 0.728125 0.75703125 0.03203125 0.096875
0 0.690625 0.71640625 0.028125 0.09375