0 0.83515625 0.5609375 0.03359375 0.1171875
0 0.9265625 0.60546875 0.025 0.10234375
0 0.95546875 0.6046875 0.02890625 0.09140625
0 0.95859375 0.68828125 0.0359375 0.09296875
0 0.97265625 0.759375 0.02890625 0.09765625
0 0.85390625 0.8265625 0.03515625 0.11953125
0 0.8078125 0.896875 0.04296875 0.14296875
0 0.6703125 0.73203125 0.034375 0.1125
0 0.6078125 0.4296875 0.02109375 0.0875
0 0.64921875 0.3734375 0.02734375 0.10390625
0 0.5421875 0.396875 0.025 0.109375
0 0.32734375 0.76875 0.0375 0.1078125
0 0.2953125 0.71484375 0.02890625 0.1
0 0.825 0.409375 0.02109375 0.08828125
0 0.7984375 0.38359375 0.02421875 0.0921875
0 0.77734375 0.3515625 0.0265625 0.09765625
0 0.7609375 0.315625 0.02421875 0.0796875
0 0.80859375 0.334375 0.021875 0.08125
0 0.78984375 0.31640625 0.01875 0.07734375
0 0.85078125 0.43515625 0.02109375 0.0859375
0 0.803125 0.52265625 0.028125 0.078125
0 0.84453125 0.35859375 0.021875 0.0703125
0 0.76875 0.215625 0.02109375 0.05546875
0 0.73984375 0.18359375 0.015625 0.06640625
0 0.73515625 0.165625 0.0171875 0.06328125
0 0.721875 0.16328125 0.01796875 0.0546875
0 0.946875 0.53984375 0.02421875 0.08671875
0 0.896875 0.48671875 0.02109375 0.08984375
0 0.821875 0.49921875 0.0265625 0.1015625
0 0.1203125 0.2609375 0.0265625 0.075
0 0.22578125 0.1234375 0.01484375 0.05390625
0 0.23984375 0.12890625 0.015625 0.06171875
0 0.71171875 0.11171875 0.01484375 0.05625
0 0.49765625 0.56796875 0.0453125 0.06875
0 0.50625 0.52734375 0.04375 0.0578125
0 0.734375 0.609375 0.0390625 0.05546875