0 0.66953125 0.43984375 0.01875 0.090625
0 0.690625 0.4265625 0.025 0.0859375
0 0.60703125 0.42890625 0.01953125 0.08984375
0 0.64453125 0.37578125 0.021875 0.1015625
0 0.54140625 0.4078125 0.0234375 0.08515625
0 0.23828125 0.26328125 0.02578125 0.08046875
0 0.3796875 0.74765625 0.03125 0.12421875
0 0.0234375 0.73828125 0.03671875 0.12578125
0 0.7984375 0.7859375 0.02421875 0.1078125
0 0.84296875 0.85390625 0.03046875 0.11171875
0 0.940625 0.6734375 0.028125 0.1125
0 0.9640625 0.634375 0.02265625 0.07734375
0 0.8375 0.55546875 0.02421875 0.10234375
0 0.82265625 0.521875 0.01640625 0.096875
0 0.803125 0.53125 0.02421875 0.090625
0 0.81484375 0.4421875 0.0203125 0.0828125
0 0.84140625 0.44765625 0.03125 0.09453125
0 0.93515625 0.5265625 0.02578125 0.08984375
0 0.959375 0.53125 0.0203125 0.090625
0 0.93125 0.46328125 0.0234375 0.0796875
0 0.7875 0.34375 0.01796875 0.0859375
0 0.8 0.35078125 0.01875 0.084375
0 0.77265625 0.33828125 0.01640625 0.07109375
0 0.78359375 0.28359375 0.01640625 0.06640625
0 0.7390625 0.19765625 0.01640625 0.06484375
0 0.7609375 0.20703125 0.01796875 0.059375
0 0.71875 0.12578125 0.02109375 0.0515625
0 0.915625 0.49609375 0.0203125 0.07421875
0 0.890625 0.425 0.025 0.0828125
0 0.884375 0.3828125 0.01875 0.06484375
0 0.85703125 0.4 0.01953125 0.0703125
0 0.5 0.55859375 0.04375 0.06875
0 0.5078125 0.52734375 0.04921875 0.071875