0 0.72109375 0.42578125 0.02421875 0.1015625
0 0.75234375 0.41953125 0.034375 0.096875
0 0.50078125 0.525 0.03984375 0.0703125
0 0.61015625 0.703125 0.03046875 0.1171875
0 0.6421875 0.7140625 0.03359375 0.08515625
0 0.65546875 0.734375 0.02890625 0.084375
0 0.6859375 0.771875 0.04609375 0.1015625
0 0.8484375 0.75703125 0.03125 0.10859375
0 0.8265625 0.60234375 0.02734375 0.09921875
0 0.83515625 0.54296875 0.01875 0.08046875
0 0.8234375 0.5140625 0.028125 0.0984375
0 0.79921875 0.515625 0.028125 0.0921875
0 0.81015625 0.44140625 0.02734375 0.08125
0 0.87734375 0.47109375 0.02109375 0.0875
0 0.9046875 0.5171875 0.03046875 0.0828125
0 0.93359375 0.5171875 0.03046875 0.1046875
0 0.92109375 0.64140625 0.0328125 0.08671875
0 0.43828125 0.6734375 0.04140625 0.09609375
0 0.27578125 0.71640625 0.0265625 0.11953125
0 0.246875 0.77421875 0.03203125 0.1140625
0 0.1 0.71640625 0.0375 0.11640625
0 0.8109375 0.30390625 0.01875 0.065625
0 0.82109375 0.38125 0.021875 0.078125
0 0.77109375 0.21640625 0.01953125 0.07734375
0 0.75625 0.20390625 0.02265625 0.06953125
0 0.50078125 0.5609375 0.0375 0.05625
0 0.48515625 0.59296875 0.03671875 0.0921875
0 0.92734375 0.825 0.0265625 0.12109375
0 0.9609375 0.8203125 0.0359375 0.115625
0 0.84140625 0.36015625 0.01953125 0.084375
0 0.71875 0.12421875 0.01640625 0.0625