0 0.61328125 0.4 0.01953125 0.090625
0 0.66171875 0.4046875 0.02890625 0.0875
0 0.696875 0.40078125 0.02578125 0.084375
0 0.3453125 0.7078125 0.0328125 0.09765625
0 0.84140625 0.371875 0.0203125 0.0796875
0 0.8171875 0.37421875 0.0203125 0.07734375
0 0.9015625 0.59296875 0.03125 0.10625
0 0.9078125 0.90625 0.0296875 0.12421875
0 0.96640625 0.91875 0.03515625 0.128125
0 0.8328125 0.61640625 0.0265625 0.090625
0 0.86796875 0.51015625 0.02734375 0.0859375
0 0.80078125 0.52734375 0.0234375 0.0953125
0 0.82109375 0.5109375 0.021875 0.0875
0 0.83125 0.54609375 0.02734375 0.09140625
0 0.96328125 0.56875 0.0234375 0.0828125
0 0.95546875 0.63828125 0.0265625 0.09296875
0 0.9796875 0.5640625 0.02578125 0.078125
0 0.7890625 0.31484375 0.02265625 0.0703125
0 0.76171875 0.32265625 0.025 0.08515625
0 0.79453125 0.25546875 0.02421875 0.05625
0 0.76328125 0.221875 0.02109375 0.06328125
0 0.39375 0.7609375 0.03125 0.1046875
0 0.42421875 0.7515625 0.03046875 0.10234375
0 0.40859375 0.7265625 0.02578125 0.0859375
0 0.93125 0.8203125 0.02578125 0.10625
0 0.96328125 0.80859375 0.03125 0.10859375
0 0.7 0.75546875 0.0328125 0.109375
0 0.496875 0.5609375 0.0421875 0.075
0 0.50078125 0.53203125 0.03203125 0.05859375
0 0.73671875 0.5953125 0.02578125 0.0609375
0 0.5046875 0.33984375 0.03359375 0.05390625
0 0.75625 0.15859375 0.021875 0.053125
0 0.73203125 0.15703125 0.0125 0.071875