0 0.2953125 0.37265625 0.02265625 0.0671875
0 0.2765625 0.37578125 0.02421875 0.0640625
0 0.40390625 0.403125 0.0234375 0.06796875
0 0.4625 0.4109375 0.0296875 0.0890625
0 0.52421875 0.4328125 0.02578125 0.08671875
0 0.50859375 0.50703125 0.0234375 0.090625
0 0.47421875 0.496875 0.03125 0.08828125
0 0.5078125 0.29296875 0.02109375 0.06640625
0 0.5421875 0.29453125 0.02578125 0.096875
0 0.55 0.25625 0.01953125 0.0765625
0 0.44140625 0.284375 0.02421875 0.08046875
0 0.459375 0.11796875 0.01640625 0.06796875
0 0.48203125 0.04921875 0.01953125 0.06484375
0 0.50234375 0.66875 0.021875 0.0953125
0 0.47421875 0.7 0.02421875 0.08828125
0 0.40078125 0.67734375 0.0296875 0.09765625
0 0.53671875 0.76796875 0.02265625 0.10390625
0 0.68359375 0.93671875 0.03359375 0.1078125
0 0.8734375 0.934375 0.0296875 0.09375
0 0.17421875 0.9625 0.0265625 0.05703125
0 0.36328125 0.79765625 0.028125 0.09375
0 0.2328125 0.1328125 0.02421875 0.06484375
0 0.83671875 0.2140625 0.02421875 0.08359375
0 0.91875 0.3625 0.02265625 0.0796875