0 0.59921875 0.4265625 0.0203125 0.07734375
0 0.53984375 0.4171875 0.0265625 0.0921875
0 0.60234375 0.38671875 0.02109375 0.07265625
0 0.828125 0.665625 0.03515625 0.09765625
0 0.8375 0.546875 0.0265625 0.09296875
0 0.825 0.51171875 0.02578125 0.0765625
0 0.8 0.5234375 0.03046875 0.08359375
0 0.9265625 0.50234375 0.02734375 0.08828125
0 0.91328125 0.9203125 0.03125 0.1390625
0 0.96875 0.91640625 0.03125 0.115625
0 0.928125 0.81875 0.0296875 0.09921875
0 0.96171875 0.809375 0.03046875 0.10078125
0 0.43828125 0.76328125 0.03984375 0.09296875
0 0.44609375 0.715625 0.03046875 0.08125
0 0.12890625 0.74921875 0.0375 0.11796875
0 0.17109375 0.72421875 0.03125 0.1109375
0 0.05234375 0.721875 0.0375 0.109375
0 0.025 0.7765625 0.03359375 0.11015625
0 0.83046875 0.415625 0.02734375 0.08515625
0 0.83828125 0.3515625 0.0203125 0.06953125
0 0.8015625 0.29453125 0.02265625 0.05859375
0 0.79375 0.3296875 0.0203125 0.0671875
0 0.78046875 0.3 0.02109375 0.06640625
0 0.734375 0.14921875 0.01796875 0.06484375
0 0.87734375 0.471875 0.02265625 0.09296875
0 0.89609375 0.46796875 0.02734375 0.08046875
0 0.49609375 0.553125 0.0375 0.06796875
0 0.50234375 0.5296875 0.03828125 0.06328125
0 0.50546875 0.3359375 0.03515625 0.06953125
0 0.76328125 0.31328125 0.0171875 0.103125
0 0.71328125 0.14609375 0.01640625 0.06875
0 0.753125 0.1734375 0.01875 0.0765625