0 0.6484375 0.39296875 0.021875 0.084375
0 0.609375 0.42421875 0.0234375 0.09765625
0 0.5359375 0.41796875 0.0234375 0.08984375
0 0.4328125 0.79453125 0.03671875 0.11328125
0 0.04765625 0.73671875 0.03359375 0.0859375
0 0.89140625 0.86015625 0.0234375 0.1359375
0 0.971875 0.91640625 0.0328125 0.115625
0 0.93203125 0.8265625 0.028125 0.10625
0 0.9625 0.8125 0.02734375 0.1078125
0 0.89765625 0.75859375 0.03046875 0.103125
0 0.94375 0.65234375 0.028125 0.09921875
0 0.93359375 0.584375 0.0296875 0.09375
0 0.80078125 0.34453125 0.01796875 0.09140625
0 0.7734375 0.29453125 0.0140625 0.07109375
0 0.77734375 0.23125 0.0203125 0.06171875
0 0.5 0.52578125 0.0359375 0.0625
0 0.0265625 0.25859375 0.03046875 0.0703125
0 0.8375 0.559375 0.0265625 0.1
0 0.82265625 0.51328125 0.025 0.08125
0 0.80234375 0.5265625 0.02109375 0.084375
0 0.840625 0.37734375 0.0265625 0.115625
0 0.59921875 0.75390625 0.0375 0.0625