0 0.46796875 0.8171875 0.02109375 0.08125
0 0.51328125 0.7046875 0.0234375 0.0875
0 0.48125 0.72734375 0.02109375 0.06796875
0 0.41796875 0.7671875 0.02734375 0.08359375
0 0.378125 0.8125 0.015625 0.071875
0 0.2546875 0.92734375 0.03046875 0.0609375
0 0.2 0.97109375 0.0375 0.0578125
0 0.10703125 0.8984375 0.02890625 0.05859375
0 0.0921875 0.8625 0.0296875 0.05625
0 0.078125 0.93515625 0.03125 0.07109375
0 0.04140625 0.96015625 0.0328125 0.07578125
0 0.4109375 0.61875 0.02890625 0.08828125
0 0.47109375 0.5234375 0.021875 0.090625
0 0.43359375 0.49453125 0.0234375 0.075
0 0.40625 0.4890625 0.028125 0.06328125
0 0.48828125 0.384375 0.02265625 0.0765625
0 0.50625 0.31796875 0.02109375 0.06015625
0 0.609375 0.4375 0.02734375 0.08125
0 0.7 0.4125 0.0234375 0.078125
0 0.690625 0.390625 0.02578125 0.0671875
0 0.51484375 0.24375 0.0234375 0.06015625