0 0.49453125 0.41015625 0.02265625 0.0875
0 0.4671875 0.3296875 0.02578125 0.0890625
0 0.48671875 0.24609375 0.02109375 0.05546875
0 0.53671875 0.3921875 0.01953125 0.075
0 0.465625 0.6875 0.0234375 0.08515625
0 0.42265625 0.67421875 0.02578125 0.0921875
0 0.40546875 0.65234375 0.02578125 0.08046875
0 0.35859375 0.8125 0.03046875 0.10859375
0 0.24453125 0.86796875 0.02890625 0.09453125
0 0.23984375 0.946875 0.040625 0.08125
0 0.4609375 0.953125 0.03828125 0.09375
0 0.54296875 0.2453125 0.0265625 0.0625
0 0.48828125 0.09296875 0.01171875 0.0734375
0 0.46328125 0.1296875 0.01484375 0.06328125
0 0.4328125 0.11796875 0.0171875 0.0578125
0 0.2546875 0.13515625 0.01640625 0.06015625
0 0.234375 0.1375 0.0203125 0.05546875