0 0.6875 0.47109375 0.02421875 0.08359375
0 0.6 0.4671875 0.025 0.0828125
0 0.646875 0.3796875 0.02109375 0.0796875
0 0.6046875 0.415625 0.02265625 0.07578125
0 0.5671875 0.42265625 0.01640625 0.090625
0 0.53984375 0.33046875 0.01796875 0.059375
0 0.48125 0.784375 0.0296875 0.09375
0 0.61484375 0.740625 0.034375 0.10546875
0 0.54765625 0.665625 0.021875 0.11484375
0 0.56484375 0.65 0.0234375 0.1125
0 0.30546875 0.77109375 0.02734375 0.1078125
0 0.92109375 0.73984375 0.03046875 0.09609375
0 0.9 0.6828125 0.0265625 0.09375
0 0.87578125 0.55234375 0.0234375 0.0828125
0 0.83515625 0.55234375 0.025 0.0875
0 0.825 0.51484375 0.02109375 0.0796875
0 0.80078125 0.534375 0.0265625 0.1015625
0 0.8234375 0.45390625 0.02109375 0.08203125
0 0.77890625 0.396875 0.0296875 0.09296875
0 0.7359375 0.3640625 0.02109375 0.0890625
0 0.784375 0.33203125 0.01875 0.06328125
0 0.796875 0.3234375 0.01875 0.07578125
0 0.81484375 0.33515625 0.01484375 0.053125
0 0.8515625 0.4609375 0.01875 0.0953125
0 0.91015625 0.50703125 0.02265625 0.0890625
0 0.8984375 0.58515625 0.02421875 0.10625
0 0.93203125 0.54375 0.02421875 0.09921875
0 0.96328125 0.62109375 0.02109375 0.08359375
0 0.96796875 0.7796875 0.0296875 0.09609375
0 0.98203125 0.6625 0.025 0.09140625
0 0.94921875 0.52109375 0.02265625 0.078125
0 0.7765625 0.26015625 0.0140625 0.06015625
0 0.7875 0.26953125 0.0140625 0.05859375
0 0.73515625 0.16328125 0.0171875 0.0546875
0 0.4953125 0.559375 0.05078125 0.0671875
0 0.49921875 0.52421875 0.0484375 0.06328125