0 0.8640625 0.64375 0.02734375 0.0953125
0 0.83828125 0.746875 0.025 0.10546875
0 0.9390625 0.72578125 0.02265625 0.10859375
0 0.95234375 0.61953125 0.02578125 0.0875
0 0.9328125 0.62421875 0.02265625 0.09765625
0 0.94453125 0.525 0.028125 0.10703125
0 0.91015625 0.528125 0.025 0.09296875
0 0.921875 0.4921875 0.01796875 0.0921875
0 0.8765625 0.49453125 0.02421875 0.096875
0 0.903125 0.4515625 0.02109375 0.08046875
0 0.88203125 0.43359375 0.025 0.0828125
0 0.83359375 0.4359375 0.02109375 0.08828125
0 0.82109375 0.50546875 0.021875 0.08515625
0 0.8421875 0.5453125 0.02734375 0.08984375
0 0.8484375 0.5890625 0.0234375 0.09453125
0 0.80390625 0.52578125 0.02421875 0.084375
0 0.71953125 0.46640625 0.03046875 0.090625
0 0.6515625 0.459375 0.02265625 0.084375
0 0.69140625 0.38515625 0.02109375 0.0859375
0 0.6515625 0.36171875 0.01640625 0.08046875
0 0.63515625 0.36875 0.0171875 0.0859375
0 0.62265625 0.37421875 0.0203125 0.08125
0 0.5796875 0.37109375 0.025 0.08359375
0 0.18671875 0.696875 0.03359375 0.109375
0 0.0859375 0.7484375 0.0296875 0.10859375
0 0.765625 0.3421875 0.02265625 0.0828125
0 0.8046875 0.353125 0.01640625 0.07109375
0 0.81640625 0.35625 0.01796875 0.07421875
0 0.8453125 0.35078125 0.0203125 0.06796875
0 0.865625 0.353125 0.021875 0.0765625
0 0.790625 0.32421875 0.01953125 0.071875
0 0.81875 0.3109375 0.02265625 0.05859375
0 0.778125 0.26796875 0.0140625 0.04765625
0 0.79375 0.28046875 0.015625 0.059375
0 0.12265625 0.2484375 0.01640625 0.06640625
0 0.76484375 0.20625 0.015625 0.0484375
0 0.72109375 0.140625 0.01640625 0.05546875
0 0.73046875 0.15390625 0.015625 0.05625
0 0.49921875 0.5515625 0.04375 0.075
0 0.5 0.5171875 0.04296875 0.08828125
0 0.74453125 0.6 0.028125 0.0515625