0 0.671875 0.9609375 0.028125 0.078125
0 0.62890625 0.965625 0.021875 0.06875
0 0.59140625 0.96875 0.02421875 0.05546875
0 0.44296875 0.97734375 0.0171875 0.0453125
0 0.275 0.94296875 0.03671875 0.10234375
0 0.2515625 0.9125 0.03671875 0.096875
0 0.19765625 0.8875 0.03046875 0.0921875
0 0.09375 0.95859375 0.03359375 0.08203125
0 0.07578125 0.97578125 0.0234375 0.04765625
0 0.38203125 0.6890625 0.02265625 0.08515625
0 0.40390625 0.67265625 0.03046875 0.084375
0 0.43359375 0.690625 0.01796875 0.07421875
0 0.44921875 0.70703125 0.0171875 0.09765625
0 0.459375 0.7015625 0.0203125 0.078125
0 0.48125 0.7234375 0.02578125 0.09765625
0 0.5015625 0.7109375 0.02578125 0.08203125
0 0.534375 0.6875 0.025 0.09140625
0 0.48828125 0.64140625 0.03359375 0.08125
0 0.3640625 0.66640625 0.02109375 0.0859375
0 0.45546875 0.39921875 0.02421875 0.09765625
0 0.48203125 0.3796875 0.02421875 0.08203125
0 0.51640625 0.37109375 0.0234375 0.08359375
0 0.50234375 0.2046875 0.0234375 0.06953125
0 0.62890625 0.36796875 0.0296875 0.090625
0 0.22890625 0.36171875 0.03203125 0.0734375
0 0.2 0.415625 0.0359375 0.06171875
0 0.27578125 0.4109375 0.0328125 0.0421875
0 0.82421875 0.1828125 0.01875 0.071875
0 0.8421875 0.175 0.02578125 0.06171875
0 0.4640625 0.071875 0.01953125 0.06796875
0 0.54140625 0.23203125 0.02265625 0.05078125