0 0.47265625 0.6171875 0.01875 0.08828125
0 0.4953125 0.61484375 0.015625 0.08515625
0 0.5125 0.61171875 0.01875 0.09609375
0 0.53359375 0.6265625 0.01953125 0.084375
0 0.4515625 0.63125 0.02265625 0.0796875
0 0.41328125 0.72265625 0.02421875 0.06875
0 0.3828125 0.75 0.02109375 0.08125
0 0.46953125 0.9015625 0.04609375 0.0703125
0 0.53203125 0.75703125 0.02109375 0.071875
0 0.27109375 0.96328125 0.03203125 0.0734375
0 0.06328125 0.95078125 0.028125 0.0984375
0 0.0359375 0.95546875 0.02578125 0.08515625
0 0.48515625 0.5 0.025 0.09609375
0 0.4515625 0.50078125 0.0171875 0.0921875
0 0.43359375 0.5 0.02109375 0.07734375
0 0.428125 0.4140625 0.02890625 0.08046875
0 0.49921875 0.42109375 0.028125 0.0953125
0 0.54140625 0.30546875 0.02421875 0.08203125
0 0.49296875 0.28359375 0.01953125 0.0890625
0 0.5 0.1578125 0.0171875 0.0734375
0 0.48203125 0.16328125 0.01875 0.0703125
0 0.4609375 0.165625 0.01640625 0.06953125
0 0.2921875 0.40859375 0.021875 0.05078125
0 0.2640625 0.4171875 0.02734375 0.059375
0 0.26484375 0.15234375 0.0171875 0.05234375