0 0.64609375 0.3765625 0.025 0.08984375
0 0.609375 0.4296875 0.0203125 0.09140625
0 0.5390625 0.41484375 0.02421875 0.08671875
0 0.21796875 0.2078125 0.02109375 0.06484375
0 0.20703125 0.20859375 0.01640625 0.0625
0 0.19296875 0.209375 0.02109375 0.06796875
0 0.24453125 0.20390625 0.01640625 0.06953125
0 0.25 0.16015625 0.01640625 0.0609375
0 0.40546875 0.74375 0.02890625 0.1078125
0 0.271875 0.8 0.02890625 0.1125
0 0.1890625 0.72109375 0.03125 0.10859375
0 0.32578125 0.725 0.0265625 0.10390625
0 0.63984375 0.77265625 0.03203125 0.09453125
0 0.78515625 0.76875 0.03046875 0.11171875
0 0.878125 0.65625 0.03515625 0.10390625
0 0.91640625 0.79375 0.0265625 0.09921875
0 0.984375 0.815625 0.02890625 0.08125
0 0.95 0.746875 0.03515625 0.10546875
0 0.8375 0.5546875 0.02421875 0.0875
0 0.803125 0.52578125 0.02421875 0.084375
0 0.821875 0.50859375 0.02421875 0.0828125
0 0.8109375 0.39140625 0.01875 0.08125
0 0.915625 0.4875 0.025 0.07421875
0 0.90859375 0.5578125 0.021875 0.06796875
0 0.94375 0.5921875 0.0203125 0.07890625
0 0.940625 0.51953125 0.025 0.07109375
0 0.81796875 0.31875 0.01875 0.065625
0 0.775 0.31171875 0.01875 0.0640625
0 0.784375 0.246875 0.02109375 0.07265625
0 0.76328125 0.23828125 0.01953125 0.059375
0 0.76953125 0.2015625 0.02421875 0.0640625
0 0.74609375 0.1875 0.01640625 0.0578125
0 0.72890625 0.14921875 0.01875 0.05546875
0 0.8546875 0.37890625 0.01953125 0.06953125
0 0.50234375 0.5640625 0.04765625 0.071875
0 0.50625 0.53125 0.040625 0.06875
0 0.7453125 0.61171875 0.0296875 0.0734375