0 0.65703125 0.4453125 0.025 0.08984375
0 0.628125 0.44921875 0.02734375 0.08515625
0 0.575 0.34921875 0.02578125 0.078125
0 0.70234375 0.45 0.02109375 0.0828125
0 0.71875 0.4453125 0.0234375 0.08984375
0 0.75390625 0.4296875 0.0234375 0.09140625
0 0.76484375 0.365625 0.0203125 0.06875
0 0.76015625 0.25703125 0.01875 0.07578125
0 0.7859375 0.25234375 0.0234375 0.065625
0 0.80859375 0.31484375 0.02265625 0.07421875
0 0.83828125 0.3484375 0.0203125 0.06328125
0 0.865625 0.34375 0.02265625 0.053125
0 0.8390625 0.53984375 0.028125 0.09609375
0 0.82109375 0.509375 0.02265625 0.08828125
0 0.8015625 0.51875 0.0296875 0.0859375
0 0.78125 0.82421875 0.040625 0.121875
0 0.9609375 0.92421875 0.03828125 0.1140625
0 0.9703125 0.6859375 0.0265625 0.1046875
0 0.93828125 0.66640625 0.0375 0.090625
0 0.9296875 0.73984375 0.03671875 0.10390625
0 0.90078125 0.68203125 0.03359375 0.10546875
0 0.90703125 0.61484375 0.0296875 0.08671875
0 0.9484375 0.590625 0.03125 0.08828125
0 0.9109375 0.56171875 0.02890625 0.08046875
0 0.60390625 0.771875 0.03515625 0.0890625
0 0.43828125 0.71484375 0.0375 0.10390625
0 0.3796875 0.875 0.03125 0.1125
0 0.08828125 0.684375 0.02890625 0.11015625
0 0.49296875 0.5515625 0.0390625 0.0734375
0 0.49609375 0.51171875 0.0328125 0.0703125
0 0.34921875 0.2671875 0.03125 0.084375