0 0.69765625 0.4625 0.021875 0.09140625
0 0.61328125 0.54140625 0.02578125 0.10703125
0 0.6421875 0.45390625 0.02578125 0.10234375
0 0.6375 0.375 0.02890625 0.08671875
0 0.53984375 0.32734375 0.01875 0.0828125
0 0.2078125 0.2421875 0.03125 0.0921875
0 0.2453125 0.2140625 0.0234375 0.0859375
0 0.3796875 0.75859375 0.0421875 0.1125
0 0.4359375 0.70390625 0.034375 0.1078125
0 0.41171875 0.8921875 0.03359375 0.12890625
0 0.85078125 0.6640625 0.03125 0.1109375
0 0.89765625 0.665625 0.03046875 0.121875
0 0.9203125 0.7609375 0.0265625 0.1078125
0 0.9625 0.709375 0.0296875 0.11015625
0 0.76171875 0.5140625 0.0203125 0.0609375
0 0.81953125 0.475 0.02421875 0.0828125
0 0.859375 0.48515625 0.0203125 0.10703125
0 0.89921875 0.49296875 0.025 0.09375
0 0.93359375 0.53515625 0.02734375 0.103125
0 0.95546875 0.50546875 0.02890625 0.07265625
0 0.8078125 0.3328125 0.02109375 0.07421875
0 0.825 0.3109375 0.0234375 0.0625
0 0.15078125 0.73203125 0.0265625 0.08515625
0 0.034375 0.80859375 0.03515625 0.1328125
0 0.8140625 0.0515625 0.015625 0.04765625
0 0.8390625 0.06328125 0.0140625 0.05078125
0 0.8796875 0.0921875 0.0109375 0.0625
0 0.903125 0.05234375 0.01484375 0.0421875
0 0.93203125 0.07109375 0.01640625 0.04921875
0 0.821875 0.625 0.02265625 0.1328125
0 0.6859375 0.675 0.0265625 0.12109375
0 0.50703125 0.528125 0.0421875 0.078125
0 0.50859375 0.34296875 0.02890625 0.08828125