0 0.7109375 0.80078125 0.0265625 0.10078125
0 0.91015625 0.9125 0.03359375 0.11484375
0 0.93046875 0.88515625 0.0234375 0.08984375
0 0.8515625 0.8796875 0.03671875 0.1
0 0.8484375 0.76796875 0.0421875 0.09375
0 0.93359375 0.69609375 0.028125 0.10390625
0 0.94453125 0.57421875 0.028125 0.0890625
0 0.91953125 0.5015625 0.02734375 0.0859375
0 0.91328125 0.575 0.03203125 0.1125
0 0.840625 0.54453125 0.01953125 0.084375
0 0.82109375 0.51015625 0.025 0.08984375
0 0.80234375 0.5203125 0.028125 0.08984375
0 0.72421875 0.45234375 0.028125 0.09140625
0 0.6703125 0.5171875 0.0234375 0.08828125
0 0.615625 0.42734375 0.03046875 0.1046875
0 0.62265625 0.3640625 0.025 0.08203125
0 0.59140625 0.38125 0.0234375 0.0875
0 0.21328125 0.70625 0.03203125 0.11328125
0 0.18515625 0.72265625 0.0328125 0.109375
0 0.16171875 0.75234375 0.03046875 0.125
0 0.08359375 0.78671875 0.0390625 0.10703125
0 0.2046875 0.24375 0.02734375 0.07109375
0 0.15390625 0.26796875 0.02890625 0.078125
0 0.87578125 0.45703125 0.02890625 0.0796875
0 0.8421875 0.3921875 0.02265625 0.0828125
0 0.86484375 0.3484375 0.0203125 0.06640625
0 0.8109375 0.3546875 0.02109375 0.07109375
0 0.82890625 0.33671875 0.01875 0.0640625
0 0.8078125 0.31171875 0.02109375 0.07265625
0 0.76015625 0.31953125 0.02421875 0.075
0 0.76953125 0.2671875 0.01953125 0.05
0 0.79765625 0.25625 0.02265625 0.05390625
0 0.73828125 0.203125 0.0140625 0.0546875
0 0.740625 0.1375 0.01953125 0.05234375
0 0.49765625 0.56328125 0.0359375 0.06328125
0 0.49765625 0.5140625 0.0390625 0.0609375
0 0.82109375 0.59375 0.02578125 0.128125