0 0.50703125 0.653125 0.0296875 0.10078125
0 0.51640625 0.778125 0.03125 0.1265625
0 0.46640625 0.91171875 0.0375 0.14296875
0 0.51484375 0.9125 0.03203125 0.1203125
0 0.5265625 0.53125 0.02421875 0.078125
0 0.40390625 0.48203125 0.01796875 0.08359375
0 0.38359375 0.48828125 0.021875 0.08359375
0 0.39296875 0.3875 0.01328125 0.0578125
0 0.37265625 0.3828125 0.01171875 0.0515625
0 0.44296875 0.38125 0.01796875 0.07421875
0 0.43125 0.3921875 0.0234375 0.06640625
0 0.41875 0.39296875 0.0171875 0.0734375
0 0.41953125 0.36484375 0.02421875 0.06640625
0 0.4609375 0.3375 0.01796875 0.075
0 0.40078125 0.29296875 0.02421875 0.04375
0 0.65 0.9296875 0.02734375 0.11328125