0 0.4046875 0.575 0.02578125 0.090625
0 0.36640625 0.575 0.02421875 0.09921875
0 0.465625 0.67109375 0.0328125 0.10390625
0 0.46484375 0.52265625 0.02421875 0.0984375
0 0.5109375 0.5234375 0.0265625 0.08671875
0 0.40625 0.52734375 0.0265625 0.075
0 0.37890625 0.3046875 0.01640625 0.0671875
0 0.73046875 0.4078125 0.01328125 0.07734375
0 0.84765625 0.38828125 0.0109375 0.0796875
0 0.86875 0.37265625 0.02109375 0.0609375
0 0.84375 0.28203125 0.0203125 0.06328125
0 0.83125 0.3203125 0.01796875 0.06953125
0 0.7640625 0.2296875 0.015625 0.0515625
0 0.70546875 0.22265625 0.015625 0.059375
0 0.69609375 0.22109375 0.0171875 0.0390625
0 0.6390625 0.17265625 0.0125 0.04765625
0 0.653125 0.93984375 0.028125 0.11953125
0 0.69765625 0.93515625 0.028125 0.12890625