0 0.4125 0.48515625 0.0234375 0.0828125
0 0.371875 0.49453125 0.01796875 0.07109375
0 0.46484375 0.771875 0.03515625 0.109375
0 0.4890625 0.6171875 0.02734375 0.0921875
0 0.55234375 0.546875 0.03203125 0.0765625
0 0.51171875 0.51484375 0.025 0.0796875
0 0.378125 0.2734375 0.01875 0.06328125
0 0.65234375 0.93203125 0.0234375 0.10859375
0 0.4015625 0.25625 0.01875 0.06484375
0 0.40546875 0.221875 0.015625 0.05625
0 0.83828125 0.303125 0.015625 0.0640625
0 0.85 0.28984375 0.01484375 0.0546875
0 0.88359375 0.35234375 0.01953125 0.065625
0 0.78125 0.24609375 0.01640625 0.05625
0 0.69296875 0.9390625 0.021875 0.11796875