0 0.51015625 0.81953125 0.03671875 0.1375
0 0.471875 0.87734375 0.0375 0.1375
0 0.43515625 0.85 0.03125 0.1328125
0 0.4140625 0.63828125 0.03828125 0.11328125
0 0.37734375 0.52265625 0.0328125 0.0984375
0 0.4140625 0.40625 0.021875 0.09453125
0 0.43359375 0.3390625 0.01640625 0.06171875
0 0.44609375 0.303125 0.01875 0.08046875
0 0.4125 0.26953125 0.01875 0.0546875
0 0.36875 0.35 0.02109375 0.0828125
0 0.38984375 0.3359375 0.0203125 0.05859375
0 0.38359375 0.20703125 0.01171875 0.06328125
0 0.3984375 0.2125 0.01328125 0.0578125
0 0.64921875 0.92890625 0.03125 0.140625
0 0.5765625 0.975 0.03671875 0.04921875
0 0.721875 0.30390625 0.01875 0.065625
0 0.76953125 0.23359375 0.01328125 0.0546875
0 0.78359375 0.28046875 0.0171875 0.06484375
0 0.75390625 0.2390625 0.01640625 0.05546875