0 0.440625 0.6109375 0.02265625 0.10078125
0 0.478125 0.68359375 0.028125 0.11640625
0 0.50859375 0.690625 0.03125 0.1140625
0 0.425 0.63671875 0.0234375 0.10625
0 0.4796875 0.46640625 0.02421875 0.09765625
0 0.40078125 0.39140625 0.0203125 0.0703125
0 0.378125 0.39453125 0.01953125 0.08046875
0 0.4515625 0.325 0.01953125 0.0703125
0 0.43828125 0.32109375 0.01796875 0.075
0 0.42109375 0.3109375 0.01640625 0.06796875
0 0.409375 0.23125 0.009375 0.05390625
0 0.40390625 0.2046875 0.01484375 0.04140625
0 0.41953125 0.14609375 0.0140625 0.0375
0 0.40546875 0.140625 0.01640625 0.04609375
0 0.6546875 0.94921875 0.02890625 0.09765625
0 0.4890625 0.97421875 0.0328125 0.0515625