0 0.80078125 0.51015625 0.01484375 0.11640625
0 0.76328125 0.49921875 0.01171875 0.09765625
0 0.7875 0.378125 0.0125 0.07265625
0 0.6265625 0.384375 0.009375 0.08046875
0 0.6015625 0.36328125 0.02421875 0.08828125
0 0.63984375 0.23828125 0.009375 0.059375
0 0.203125 0.6578125 0.03125 0.1296875
0 0.1453125 0.63828125 0.025 0.08046875
0 0.11015625 0.63203125 0.0234375 0.09140625
0 0.134375 0.59140625 0.0203125 0.053125
0 0.2578125 0.275 0.00546875 0.03984375
0 0.26796875 0.26953125 0.00546875 0.021875
0 0.27421875 0.31484375 0.0109375 0.05234375
0 0.30859375 0.2953125 0.00625 0.05390625
0 0.325 0.29921875 0.01875 0.059375