0 0.28046875 0.665625 0.046875 0.12265625
0 0.171875 0.82890625 0.03828125 0.15859375
0 0.209375 0.8625 0.0375 0.128125
0 0.13359375 0.8234375 0.0453125 0.14765625
0 0.1234375 0.93515625 0.03125 0.05078125
0 0.29609375 0.48203125 0.0328125 0.09921875
0 0.4109375 0.5375 0.0265625 0.09453125
0 0.196875 0.5078125 0.03125 0.09609375
0 0.40859375 0.39921875 0.0171875 0.07265625
0 0.4546875 0.4 0.02421875 0.08515625
0 0.67734375 0.79921875 0.03046875 0.16015625
0 0.74140625 0.83203125 0.03984375 0.2046875