0 0.27109375 0.3125 0.0125 0.06171875
0 0.2828125 0.31484375 0.015625 0.06484375
0 0.20234375 0.6484375 0.03046875 0.1140625
0 0.3078125 0.58671875 0.01875 0.065625
0 0.60703125 0.840625 0.02109375 0.17265625
0 0.67265625 0.85703125 0.01640625 0.14296875
0 0.74140625 0.90703125 0.02890625 0.18125
0 0.7234375 0.4828125 0.0140625 0.1046875
0 0.73359375 0.44140625 0.02109375 0.10234375
0 0.70234375 0.41328125 0.0140625 0.08046875
0 0.6921875 0.384375 0.015625 0.08984375
0 0.6359375 0.2734375 0.01484375 0.0734375
0 0.4421875 0.3609375 0.03046875 0.06875
0 0.7765625 0.4296875 0.01953125 0.090625
0 0.80234375 0.47109375 0.01953125 0.0828125
0 0.79765625 0.378125 0.0109375 0.05
0 0.7625 0.37265625 0.01640625 0.05078125