0 0.1828125 0.48046875 0.02109375 0.0875
0 0.178125 0.45390625 0.01484375 0.06171875
0 0.19765625 0.6453125 0.03203125 0.10390625
0 0.29140625 0.34765625 0.01953125 0.08359375
0 0.26953125 0.30859375 0.0125 0.059375
0 0.27421875 0.3265625 0.015625 0.078125
0 0.84765625 0.39921875 0.0171875 0.07890625
0 0.7640625 0.63125 0.0171875 0.103125
0 0.80078125 0.63125 0.015625 0.11640625
0 0.7515625 0.79375 0.021875 0.14296875
0 0.86875 0.51953125 0.01015625 0.10625
0 0.89375 0.51484375 0.01875 0.0875
0 0.89921875 0.475 0.0140625 0.071875
0 0.990625 0.5359375 0.01875 0.09765625
0 0.18359375 0.84609375 0.0328125 0.128125