0 0.2359375 0.2875 0.01015625 0.06171875
0 0.3046875 0.296875 0.01953125 0.053125
0 0.34609375 0.321875 0.01640625 0.04921875
0 0.3859375 0.3203125 0.0203125 0.08359375
0 0.75859375 0.44375 0.028125 0.09765625
0 0.696875 0.42890625 0.01640625 0.08125
0 0.66171875 0.4265625 0.0078125 0.05625
0 0.66328125 0.47734375 0.02109375 0.0515625
0 0.81328125 0.43203125 0.025 0.109375
0 0.72421875 0.284375 0.01484375 0.0734375
0 0.74296875 0.284375 0.01484375 0.06875
0 0.74375 0.2171875 0.01328125 0.0578125
0 0.1 0.53203125 0.01796875 0.09453125
0 0.07734375 0.57890625 0.0296875 0.11953125