0 0.6046875 0.89453125 0.02265625 0.12578125
0 0.640625 0.8921875 0.021875 0.109375
0 0.6921875 0.91015625 0.02734375 0.1234375
0 0.71953125 0.90703125 0.03203125 0.1234375
0 0.90703125 0.8703125 0.025 0.10390625
0 0.93984375 0.853125 0.02109375 0.1140625
0 0.71796875 0.63203125 0.0140625 0.053125
0 0.50234375 0.49765625 0.009375 0.040625
0 0.5140625 0.49375 0.01171875 0.04453125
0 0.43671875 0.4875 0.00546875 0.034375
0 0.428125 0.49765625 0.00703125 0.025
0 0.42265625 0.4953125 0.00625 0.03515625