0 0.47109375 0.9390625 0.03515625 0.121875
0 0.50859375 0.77890625 0.02421875 0.11875
0 0.5625 0.7390625 0.03125 0.090625
0 0.58515625 0.7671875 0.02109375 0.08359375
0 0.63046875 0.7640625 0.03203125 0.1375
0 0.259375 0.7375 0.01953125 0.053125
0 0.09453125 0.73828125 0.046875 0.159375
0 0.18671875 0.79296875 0.03046875 0.0484375
0 0.20234375 0.76328125 0.04609375 0.08046875
0 0.709375 0.70859375 0.0203125 0.1125
0 0.7734375 0.77109375 0.03046875 0.1015625
0 0.80859375 0.80703125 0.01640625 0.09921875
0 0.72578125 0.79296875 0.02734375 0.09453125