0 0.2 0.63828125 0.03359375 0.12578125
0 0.17578125 0.89375 0.04375 0.1203125
0 0.8140625 0.58359375 0.0140625 0.115625
0 0.79140625 0.47109375 0.009375 0.1125
0 0.78984375 0.41640625 0.015625 0.0859375
0 0.73515625 0.4015625 0.01328125 0.071875
0 0.70234375 0.3953125 0.01640625 0.0921875
0 0.67421875 0.3296875 0.0109375 0.07265625
0 0.7140625 0.31875 0.01015625 0.06484375
0 0.73203125 0.30859375 0.0109375 0.065625
0 0.7625 0.21484375 0.0109375 0.0515625
0 0.26640625 0.303125 0.0125 0.059375
0 0.27890625 0.31015625 0.0171875 0.04765625
0 0.328125 0.328125 0.01796875 0.0734375