0 0.07578125 0.49375 0.01953125 0.090625
0 0.07109375 0.55390625 0.02734375 0.0859375
0 0.196875 0.665625 0.021875 0.12421875
0 0.21640625 0.3984375 0.01953125 0.07734375
0 0.32890625 0.38828125 0.02265625 0.07890625
0 0.26484375 0.30703125 0.01015625 0.06796875
0 0.27109375 0.3125 0.01171875 0.065625
0 0.38359375 0.3359375 0.02734375 0.07265625
0 0.4984375 0.30390625 0.01328125 0.0640625
0 0.540625 0.29296875 0.01484375 0.06796875
0 0.6125 0.28515625 0.01484375 0.0828125
0 0.72109375 0.2484375 0.0078125 0.05
0 0.73203125 0.290625 0.01015625 0.06484375
0 0.68359375 0.38984375 0.0109375 0.08984375
0 0.68359375 0.41640625 0.0109375 0.08515625
0 0.703125 0.378125 0.009375 0.0890625
0 0.7265625 0.3859375 0.009375 0.0734375
0 0.7265625 0.44375 0.0125 0.0890625
0 0.74921875 0.3796875 0.015625 0.08515625
0 0.75078125 0.52421875 0.021875 0.11796875
0 0.815625 0.57734375 0.0109375 0.1171875
0 0.79453125 0.56171875 0.01015625 0.1140625
0 0.78515625 0.5125 0.01171875 0.1015625
0 0.125 0.91328125 0.0421875 0.10390625
0 0.125 0.94296875 0.0484375 0.1140625