0 0.5875 0.86015625 0.0546875 0.2671875
0 0.52265625 0.84375 0.05625 0.27578125
0 0.4625 0.7171875 0.03046875 0.25
0 0.575 0.671875 0.0171875 0.1625
0 0.75625 0.74609375 0.0375 0.20234375
0 0.78203125 0.6296875 0.02265625 0.165625
0 0.7125 0.56171875 0.01953125 0.1515625
0 0.734375 0.60390625 0.0265625 0.16015625
0 0.81328125 0.61171875 0.01796875 0.1515625
0 0.8546875 0.6265625 0.01328125 0.12734375
0 0.83671875 0.6171875 0.0171875 0.13359375
0 0.8890625 0.565625 0.01015625 0.1171875
0 0.9125 0.5640625 0.0078125 0.08359375
0 0.8390625 0.48046875 0.0109375 0.06640625
0 0.8578125 0.471875 0.01171875 0.075
0 0.87578125 0.4828125 0.009375 0.07734375
0 0.89453125 0.46328125 0.009375 0.0609375
0 0.9046875 0.46640625 0.009375 0.05234375
0 0.0625 0.91015625 0.04921875 0.1796875
0 0.51640625 0.73125 0.02578125 0.2390625
0 0.5296875 0.6359375 0.0328125 0.12890625