0 0.24453125 0.8109375 0.03359375 0.1125
0 0.15546875 0.8171875 0.03515625 0.1015625
0 0.1046875 0.86328125 0.03828125 0.1234375
0 0.05 0.85859375 0.0421875 0.109375
0 0.49140625 0.6203125 0.02421875 0.0765625
0 0.57578125 0.60703125 0.0265625 0.0734375
0 0.35 0.62421875 0.028125 0.065625
0 0.69765625 0.83515625 0.03359375 0.08046875
0 0.8921875 0.74765625 0.02734375 0.096875
0 0.8 0.678125 0.0265625 0.0796875
0 0.7484375 0.659375 0.021875 0.06953125
0 0.71171875 0.66015625 0.01640625 0.07265625