0 0.70703125 0.425 0.0140625 0.0953125
0 0.7140625 0.4265625 0.0140625 0.09921875
0 0.74609375 0.38203125 0.015625 0.0671875
0 0.57734375 0.384375 0.02421875 0.0921875
0 0.4875 0.3640625 0.0234375 0.065625
0 0.50703125 0.334375 0.02265625 0.07890625
0 0.50703125 0.3265625 0.01953125 0.1078125
0 0.534375 0.3078125 0.01015625 0.05625
0 0.553125 0.31015625 0.01640625 0.078125
0 0.41796875 0.3296875 0.01640625 0.06640625
0 0.36796875 0.33671875 0.0203125 0.06796875
0 0.2703125 0.31328125 0.01875 0.0671875
0 0.2 0.6453125 0.02890625 0.121875
0 0.1 0.63046875 0.02265625 0.09140625
0 0.35078125 0.91015625 0.0484375 0.134375
0 0.32421875 0.96015625 0.0578125 0.07890625
0 0.26875 0.96953125 0.04375 0.0609375
0 0.6640625 0.2546875 0.01484375 0.06484375