0 0.25 0.37578125 0.015625 0.071875
0 0.1921875 0.4359375 0.01953125 0.0671875
0 0.2640625 0.296875 0.015625 0.04765625
0 0.27890625 0.328125 0.01875 0.03828125
0 0.221875 0.759375 0.03046875 0.1328125
0 0.1234375 0.66796875 0.03125 0.09921875
0 0.19609375 0.63828125 0.02734375 0.12734375
0 0.728125 0.296875 0.00859375 0.06875
0 0.73828125 0.31328125 0.01328125 0.0796875
0 0.71953125 0.25859375 0.0109375 0.0703125
0 0.675 0.234375 0.0078125 0.05546875
0 0.70234375 0.23203125 0.0078125 0.0421875
0 0.73828125 0.25234375 0.00703125 0.0578125
0 0.74765625 0.2625 0.0171875 0.065625
0 0.8328125 0.42109375 0.0125 0.103125
0 0.7640625 0.4609375 0.0140625 0.0921875