0 0.18984375 0.79921875 0.0328125 0.1109375
0 0.1515625 0.88046875 0.03671875 0.0984375
0 0.0921875 0.89765625 0.04375 0.13515625
0 0.146875 0.80078125 0.0296875 0.109375
0 0.13515625 0.690625 0.034375 0.1125
0 0.059375 0.76640625 0.0328125 0.1265625
0 0.071875 0.5109375 0.01640625 0.0625
0 0.3984375 0.4296875 0.01875 0.090625
0 0.278125 0.36015625 0.01796875 0.0875
0 0.265625 0.30625 0.01171875 0.05859375
0 0.2765625 0.31015625 0.01640625 0.04765625
0 0.7140625 0.26875 0.01640625 0.0796875
0 0.75546875 0.4625 0.01328125 0.09296875
0 0.76328125 0.5234375 0.01796875 0.11484375
0 0.79921875 0.51875 0.0125 0.1015625
0 0.821875 0.52578125 0.0109375 0.09453125
0 0.8671875 0.4859375 0.0171875 0.103125
0 0.8125 0.44375 0.0140625 0.0765625
0 0.63515625 0.23671875 0.01015625 0.05703125