0 0.10078125 0.5921875 0.028125 0.05234375
0 0.14765625 0.615625 0.01875 0.05546875
0 0.0765625 0.68828125 0.0265625 0.0703125
0 0.1109375 0.8234375 0.05390625 0.1015625
0 0.2453125 0.94453125 0.0625 0.1109375
0 0.86875 0.93984375 0.053125 0.1203125
0 0.7046875 0.68359375 0.025 0.0609375
0 0.68359375 0.65 0.0296875 0.0640625
0 0.475 0.67734375 0.02421875 0.0640625
0 0.4140625 0.7625 0.0265625 0.05078125
0 0.5890625 0.85078125 0.040625 0.1125
0 0.63984375 0.878125 0.04921875 0.11015625
0 0.69375 0.87421875 0.04453125 0.10390625
0 0.67578125 0.84609375 0.0296875 0.09375
0 0.54765625 0.6375 0.02734375 0.0546875
0 0.5734375 0.63828125 0.0328125 0.06640625
0 0.42421875 0.63515625 0.03125 0.0625
0 0.48515625 0.58671875 0.01875 0.04453125
0 0.52734375 0.578125 0.01953125 0.053125
0 0.72734375 0.6703125 0.02890625 0.06953125
0 0.7578125 0.69296875 0.0203125 0.03515625
0 0.7875 0.69375 0.04140625 0.03046875