0 0.1328125 0.684375 0.0203125 0.10625
0 0.18671875 0.74453125 0.028125 0.125
0 0.253125 0.6765625 0.034375 0.1
0 0.1234375 0.60859375 0.01796875 0.0671875
0 0.271875 0.30234375 0.015625 0.0578125
0 0.2796875 0.3234375 0.01796875 0.03046875
0 0.47421875 0.32109375 0.01796875 0.08671875
0 0.634375 0.2375 0.0125 0.07265625
0 0.74453125 0.2265625 0.00703125 0.0734375
0 0.7625 0.221875 0.01484375 0.0609375
0 0.74453125 0.40390625 0.009375 0.09609375
0 0.75625 0.459375 0.01484375 0.08828125
0 0.784375 0.44765625 0.0109375 0.10234375
0 0.79921875 0.44140625 0.0140625 0.08515625