0 0.1359375 0.92109375 0.04375 0.1578125
0 0.80703125 0.53671875 0.015625 0.13125
0 0.5046875 0.72421875 0.028125 0.23125
0 0.87890625 0.44140625 0.009375 0.0625
0 0.35625 0.80859375 0.059375 0.278125
0 0.45546875 0.7234375 0.02890625 0.23046875
0 0.8265625 0.48671875 0.015625 0.0921875
0 0.81015625 0.65625 0.02421875 0.175
0 0.86328125 0.4515625 0.01796875 0.078125
0 0.89453125 0.4515625 0.009375 0.07265625
0 0.90625 0.45625 0.01640625 0.07265625
0 0.92890625 0.41484375 0.0078125 0.0640625
0 0.93828125 0.41796875 0.0109375 0.0609375
0 0.94609375 0.41640625 0.00859375 0.06328125
0 0.91640625 0.39921875 0.01171875 0.0515625