0 0.67109375 0.6484375 0.034375 0.17890625
0 0.75703125 0.7265625 0.02578125 0.20234375
0 0.8953125 0.46015625 0.0109375 0.078125
0 0.91796875 0.4765625 0.009375 0.06015625
0 0.91328125 0.47421875 0.01015625 0.0609375
0 0.71171875 0.69140625 0.0359375 0.2359375
0 0.7375 0.51796875 0.02109375 0.13359375
0 0.76640625 0.5 0.01953125 0.11796875
0 0.78984375 0.50078125 0.021875 0.11484375
0 0.80859375 0.5203125 0.028125 0.1328125
0 0.94140625 0.465625 0.01328125 0.07578125
0 0.9515625 0.46484375 0.01640625 0.0828125
0 0.09140625 0.7640625 0.05234375 0.2015625
0 0.1015625 0.91484375 0.04609375 0.1640625