0 0.21328125 0.803125 0.03984375 0.134375
0 0.14375 0.89453125 0.04453125 0.1203125
0 0.325 0.3265625 0.01640625 0.06796875
0 0.1890625 0.80546875 0.02890625 0.15
0 0.08046875 0.88125 0.04140625 0.1375
0 0.5171875 0.29609375 0.0171875 0.06953125
0 0.7515625 0.3609375 0.01875 0.09609375
0 0.4234375 0.33203125 0.02265625 0.059375
0 0.475 0.34609375 0.02734375 0.08125
0 0.725 0.484375 0.0125 0.07734375
0 0.76015625 0.49609375 0.01796875 0.10234375
0 0.7640625 0.46953125 0.0125 0.09375
0 0.74921875 0.4703125 0.0140625 0.09609375
0 0.546875 0.28671875 0.021875 0.07265625
0 0.35625 0.31640625 0.01640625 0.0734375
0 0.37421875 0.3109375 0.0140625 0.0640625
0 0.2953125 0.2859375 0.0203125 0.05390625