0 0.45859375 0.91953125 0.0625 0.16015625
0 0.5984375 0.70234375 0.03046875 0.18515625
0 0.6640625 0.7171875 0.02734375 0.20078125
0 0.5890625 0.70234375 0.03203125 0.2
0 0.6296875 0.70859375 0.028125 0.1921875
0 0.8796875 0.48984375 0.01015625 0.0765625
0 0.775 0.66640625 0.03828125 0.18359375
0 0.81875 0.5671875 0.0171875 0.10859375
0 0.8421875 0.55 0.0234375 0.08828125
0 0.825 0.48046875 0.01484375 0.0890625
0 0.84375 0.490625 0.01796875 0.08828125
0 0.89921875 0.48125 0.0140625 0.08046875
0 0.87109375 0.44375 0.0140625 0.07890625
0 0.88515625 0.43984375 0.01328125 0.05625
0 0.93515625 0.4796875 0.01328125 0.04765625
0 0.9546875 0.4890625 0.01328125 0.0484375
0 0.9328125 0.425 0.0109375 0.0640625