0 0.70703125 0.53203125 0.01484375 0.103125
0 0.86875 0.77890625 0.05 0.2734375
0 0.74375 0.55234375 0.028125 0.1265625
0 0.77578125 0.52890625 0.01796875 0.1359375
0 0.79140625 0.54140625 0.01953125 0.1203125
0 0.80546875 0.56015625 0.02578125 0.1421875
0 0.81875 0.5265625 0.0203125 0.11015625
0 0.8609375 0.42578125 0.01171875 0.07890625
0 0.875 0.434375 0.01640625 0.06171875
0 0.90390625 0.5 0.01796875 0.08515625
0 0.91953125 0.49453125 0.01640625 0.0765625
0 0.93359375 0.48359375 0.015625 0.059375
0 0.9203125 0.46484375 0.0125 0.04296875
0 0.9484375 0.453125 0.01171875 0.06640625