0 0.14453125 0.90546875 0.0453125 0.1015625
0 0.10234375 0.6578125 0.02421875 0.096875
0 0.14375 0.6640625 0.03046875 0.10625
0 0.5421875 0.31640625 0.015625 0.07578125
0 0.42578125 0.34765625 0.0296875 0.09453125
0 0.83203125 0.66640625 0.0203125 0.13828125
0 0.8578125 0.665625 0.01953125 0.1421875
0 0.12265625 0.6640625 0.02109375 0.10078125
0 0.78515625 0.45703125 0.01171875 0.09921875
0 0.79921875 0.39609375 0.01640625 0.103125
0 0.2796875 0.2796875 0.0140625 0.06328125
0 0.30625 0.2828125 0.0125 0.0546875
0 0.08359375 0.696875 0.02890625 0.10703125