0 0.278125 0.91015625 0.04609375 0.125
0 0.74375 0.3578125 0.01171875 0.0890625
0 0.2671875 0.68203125 0.03125 0.1046875
0 0.65625 0.9046875 0.0203125 0.14296875
0 0.62578125 0.94140625 0.0296875 0.11328125
0 0.60625 0.38203125 0.01484375 0.09140625
0 0.43046875 0.9640625 0.0609375 0.071875
0 0.59921875 0.96953125 0.04140625 0.0609375
0 0.76796875 0.3140625 0.01015625 0.046875
0 0.109375 0.62578125 0.025 0.08203125
0 0.61171875 0.30859375 0.00703125 0.08125
0 0.6203125 0.315625 0.0140625 0.0796875
0 0.44921875 0.3640625 0.01796875 0.0890625
0 0.43828125 0.328125 0.0171875 0.08359375
0 0.425 0.30234375 0.0125 0.065625
0 0.1671875 0.59609375 0.02578125 0.09765625
0 0.115625 0.5828125 0.03046875 0.09921875