0 0.5546875 0.36015625 0.0140625 0.065625
0 0.7578125 0.46796875 0.0125 0.109375
0 0.29609375 0.5625 0.02734375 0.1078125
0 0.8203125 0.59375 0.0125 0.115625
0 0.80390625 0.4609375 0.0140625 0.0921875
0 0.25234375 0.55390625 0.0265625 0.1140625
0 0.8515625 0.58203125 0.0125 0.10859375
0 0.44921875 0.3390625 0.0203125 0.071875
0 0.728125 0.47890625 0.0125 0.08828125
0 0.68515625 0.40078125 0.0203125 0.0828125
0 0.71484375 0.40078125 0.02109375 0.096875
0 0.75390625 0.35078125 0.01796875 0.1
0 0.71015625 0.4796875 0.0109375 0.0984375
0 0.7734375 0.50625 0.0046875 0.1
0 0.7625 0.48984375 0.0078125 0.10390625
0 0.79453125 0.52578125 0.01875 0.12265625
0 0.41171875 0.30859375 0.025 0.0671875
0 0.20234375 0.40078125 0.01640625 0.06875
0 0.16953125 0.4109375 0.01953125 0.07109375
0 0.11328125 0.5484375 0.02265625 0.0828125