0 0.57578125 0.7015625 0.0265625 0.19375
0 0.54453125 0.684375 0.03046875 0.1953125
0 0.72578125 0.82734375 0.03984375 0.25859375
0 0.64140625 0.72421875 0.02734375 0.22734375
0 0.7765625 0.68671875 0.03125 0.17578125
0 0.81796875 0.7671875 0.04296875 0.25390625
0 0.90078125 0.50703125 0.01484375 0.1015625
0 0.91484375 0.525 0.01328125 0.09921875
0 0.94765625 0.47734375 0.01015625 0.06328125
0 0.90390625 0.44765625 0.009375 0.05
0 0.91875 0.4609375 0.0109375 0.0671875
0 0.92578125 0.45078125 0.00859375 0.071875
0 0.93828125 0.46484375 0.01015625 0.08515625
0 0.5265625 0.66875 0.025 0.17890625