0 0.403125 0.43828125 0.01875 0.09453125
0 0.73046875 0.43671875 0.0125 0.08828125
0 0.52734375 0.3328125 0.01953125 0.090625
0 0.5578125 0.3734375 0.01875 0.075
0 0.3765625 0.96875 0.05703125 0.06171875
0 0.8203125 0.8890625 0.0375 0.1640625
0 0.4 0.33046875 0.0234375 0.0828125
0 0.79453125 0.3578125 0.015625 0.08515625
0 0.428125 0.35 0.0203125 0.07734375
0 0.76328125 0.42734375 0.01171875 0.075
0 0.76328125 0.825 0.03359375 0.17265625
0 0.7453125 0.35234375 0.0125 0.08125
0 0.71796875 0.31875 0.015625 0.08125
0 0.8328125 0.42734375 0.0109375 0.0921875
0 0.64140625 0.97421875 0.05234375 0.0515625
0 0.31171875 0.29140625 0.01328125 0.06484375
0 0.20625 0.65078125 0.03515625 0.08984375