0 0.69296875 0.67734375 0.01953125 0.12734375
0 0.71484375 0.8921875 0.02578125 0.1703125
0 0.79609375 0.72265625 0.0171875 0.12421875
0 0.3765625 0.35078125 0.02109375 0.075
0 0.80234375 0.58203125 0.01640625 0.134375
0 0.8375 0.65625 0.01875 0.1109375
0 0.72734375 0.64296875 0.01875 0.15859375
0 0.834375 0.58515625 0.01328125 0.10390625
0 0.765625 0.5546875 0.01328125 0.1078125
0 0.47109375 0.3546875 0.025 0.0859375
0 0.409375 0.3453125 0.0203125 0.0890625
0 0.61015625 0.38515625 0.0203125 0.09375
0 0.63125 0.3828125 0.01953125 0.08671875
0 0.64609375 0.37578125 0.02421875 0.0875
0 0.740625 0.55546875 0.01953125 0.115625
0 0.8828125 0.678125 0.01484375 0.125
0 0.86484375 0.66953125 0.015625 0.11640625