0 0.8828125 0.446875 0.009375 0.07421875
0 0.08828125 0.80703125 0.06796875 0.225
0 0.8265625 0.56015625 0.01875 0.109375
0 0.8421875 0.54765625 0.01640625 0.10078125
0 0.86015625 0.53984375 0.021875 0.084375
0 0.828125 0.48515625 0.01953125 0.05546875
0 0.81640625 0.4625 0.0109375 0.08359375
0 0.83125 0.453125 0.0125 0.05390625
0 0.87421875 0.41484375 0.0109375 0.05234375
0 0.94296875 0.45078125 0.0109375 0.06328125
0 0.94296875 0.40390625 0.0078125 0.03828125
0 0.9046875 0.39296875 0.0109375 0.046875