0 0.16640625 0.7953125 0.040625 0.1203125
0 0.440625 0.35703125 0.021875 0.084375
0 0.5203125 0.32578125 0.0171875 0.08203125
0 0.08984375 0.57890625 0.0234375 0.09140625
0 0.5734375 0.3953125 0.0171875 0.08671875
0 0.34765625 0.34375 0.0234375 0.08671875
0 0.7875 0.33828125 0.01015625 0.07734375
0 0.72109375 0.359375 0.01171875 0.07734375
0 0.73828125 0.50546875 0.0140625 0.10625
0 0.6234375 0.3984375 0.01640625 0.09921875
0 0.2953125 0.2953125 0.015625 0.06796875
0 0.803125 0.34140625 0.01328125 0.09609375
0 0.74765625 0.3578125 0.02734375 0.11640625
0 0.0953125 0.671875 0.03828125 0.11328125
0 0.27421875 0.2828125 0.0125 0.071875