0 0.1703125 0.6984375 0.0328125 0.10546875
0 0.7265625 0.43125 0.01796875 0.1
0 0.66328125 0.4640625 0.015625 0.08671875
0 0.7875 0.33671875 0.015625 0.06953125
0 0.69296875 0.46015625 0.01484375 0.09453125
0 0.12109375 0.60859375 0.01953125 0.07109375
0 0.425 0.4 0.02578125 0.0984375
0 0.659375 0.3921875 0.01484375 0.08046875
0 0.7359375 0.8453125 0.02109375 0.14453125
0 0.44375 0.34453125 0.01953125 0.07109375
0 0.7578125 0.46015625 0.01328125 0.08359375
0 0.778125 0.6828125 0.0203125 0.15
0 0.6984375 0.82578125 0.0234375 0.16015625
0 0.27578125 0.29609375 0.01328125 0.053125
0 0.121875 0.69453125 0.03515625 0.1
0 0.30078125 0.2859375 0.0171875 0.0546875
0 0.7484375 0.39453125 0.0140625 0.08203125
0 0.75390625 0.34375 0.0171875 0.07421875
0 0.7015625 0.40703125 0.02265625 0.08828125
0 0.740625 0.66953125 0.015625 0.1125
0 0.746875 0.56953125 0.01953125 0.1046875