0 0.590625 0.63515625 0.02578125 0.146875
0 0.65546875 0.96484375 0.05078125 0.0703125
0 0.2109375 0.85078125 0.07578125 0.2625
0 0.47421875 0.7390625 0.08203125 0.28046875
0 0.8171875 0.553125 0.02109375 0.13046875
0 0.8375 0.5484375 0.02109375 0.1140625
0 0.87421875 0.525 0.0171875 0.115625
0 0.9125 0.44609375 0.00859375 0.08984375
0 0.87734375 0.4390625 0.0140625 0.07265625
0 0.8703125 0.45390625 0.01171875 0.06875
0 0.8125 0.46171875 0.015625 0.0875
0 0.82734375 0.46953125 0.0140625 0.08515625
0 0.925 0.47890625 0.0125 0.0671875
0 0.9390625 0.4796875 0.015625 0.065625
0 0.9375 0.43359375 0.0046875 0.05859375
0 0.953125 0.421875 0.009375 0.08359375