0 0.740625 0.41015625 0.01640625 0.07734375
0 0.7546875 0.35234375 0.01171875 0.07890625
0 0.3890625 0.34765625 0.0203125 0.07890625
0 0.4546875 0.3578125 0.015625 0.084375
0 0.43828125 0.3609375 0.0203125 0.075
0 0.41171875 0.34140625 0.01484375 0.06015625
0 0.3625 0.365625 0.0171875 0.08984375
0 0.53984375 0.32421875 0.01171875 0.075
0 0.6140625 0.30859375 0.01328125 0.06953125
0 0.12578125 0.88125 0.0421875 0.128125
0 0.14375 0.61953125 0.02734375 0.1109375
0 0.11875 0.6 0.025 0.10078125
0 0.0765625 0.52578125 0.0265625 0.08125