0 0.1796875 0.74453125 0.03671875 0.11484375
0 0.29765625 0.3484375 0.01796875 0.06875
0 0.71640625 0.4234375 0.01796875 0.1078125
0 0.64609375 0.4296875 0.01796875 0.090625
0 0.221875 0.428125 0.01875 0.06875
0 0.10625 0.60546875 0.0234375 0.08984375
0 0.39453125 0.334375 0.021875 0.0734375
0 0.43671875 0.3546875 0.02265625 0.0796875
0 0.603125 0.96953125 0.04375 0.0609375
0 0.7671875 0.45078125 0.0125 0.07890625
0 0.8125 0.42109375 0.01484375 0.10390625
0 0.22734375 0.61796875 0.0140625 0.13125
0 0.24375 0.63046875 0.02890625 0.1265625
0 0.74921875 0.8578125 0.03125 0.12421875
0 0.74609375 0.7828125 0.03359375 0.1046875