0 0.22734375 0.7140625 0.03515625 0.125
0 0.79609375 0.45 0.01328125 0.096875
0 0.7703125 0.4671875 0.0109375 0.08828125
0 0.3828125 0.35078125 0.0203125 0.07265625
0 0.72421875 0.4296875 0.01484375 0.09609375
0 0.603125 0.79296875 0.02734375 0.1421875
0 0.415625 0.3484375 0.01953125 0.0875
0 0.22109375 0.640625 0.0234375 0.078125
0 0.2984375 0.3 0.015625 0.06796875
0 0.30625 0.29765625 0.01953125 0.05625
0 0.31796875 0.2921875 0.0171875 0.071875
0 0.53984375 0.30234375 0.01171875 0.06796875
0 0.515625 0.3 0.0140625 0.0625
0 0.5015625 0.30078125 0.015625 0.071875
0 0.46328125 0.36015625 0.01875 0.08828125