0 0.47109375 0.37421875 0.02109375 0.0546875
0 0.75625 0.3625 0.01484375 0.0921875
0 0.7765625 0.47578125 0.0125 0.096875
0 0.43515625 0.32890625 0.01796875 0.07421875
0 0.49140625 0.31484375 0.01640625 0.06484375
0 0.80546875 0.46796875 0.0125 0.10390625
0 0.09140625 0.56875 0.0265625 0.08359375
0 0.8140625 0.56171875 0.0171875 0.10390625
0 0.74609375 0.49375 0.01328125 0.10078125
0 0.384375 0.93984375 0.05625 0.115625
0 0.7890625 0.3625 0.01484375 0.10078125
0 0.8046875 0.3640625 0.00859375 0.0875
0 0.5109375 0.2984375 0.0203125 0.06640625
0 0.53359375 0.30703125 0.0171875 0.08515625
0 0.55546875 0.30546875 0.01328125 0.0828125
0 0.309375 0.51875 0.02578125 0.11015625
0 0.33046875 0.50078125 0.0265625 0.1140625