0 0.16953125 0.840625 0.03828125 0.11640625
0 0.37421875 0.3484375 0.0203125 0.06875
0 0.43515625 0.32890625 0.01796875 0.08125
0 0.484375 0.34765625 0.01953125 0.07578125
0 0.1046875 0.96015625 0.04453125 0.078125
0 0.41015625 0.34765625 0.01953125 0.08828125
0 0.18671875 0.46171875 0.0203125 0.0671875
0 0.746875 0.4765625 0.0140625 0.09609375
0 0.803125 0.3921875 0.0203125 0.09765625
0 0.75703125 0.35390625 0.015625 0.103125
0 0.0734375 0.9703125 0.040625 0.059375
0 0.27421875 0.30234375 0.01875 0.065625