0 0.86640625 0.4484375 0.00859375 0.0828125
0 0.57109375 0.890625 0.04453125 0.21328125
0 0.2875 0.82109375 0.05078125 0.2109375
0 0.88671875 0.45390625 0.009375 0.08125
0 0.4 0.8125 0.05546875 0.25390625
0 0.50234375 0.7578125 0.03046875 0.21484375
0 0.52265625 0.778125 0.0390625 0.26796875
0 0.83125 0.4671875 0.015625 0.078125
0 0.81015625 0.4546875 0.015625 0.0953125
0 0.92265625 0.46484375 0.01015625 0.06484375
0 0.93046875 0.4765625 0.01328125 0.06171875
0 0.0875 0.80859375 0.07890625 0.2640625