0 0.5296875 0.2953125 0.015625 0.07421875
0 0.38984375 0.91484375 0.046875 0.14375
0 0.26640625 0.68671875 0.0328125 0.10703125
0 0.4359375 0.34609375 0.025 0.07109375
0 0.36875 0.9265625 0.0625 0.146875
0 0.60390625 0.96953125 0.0453125 0.0609375
0 0.50625 0.30390625 0.0140625 0.078125
0 0.746875 0.35390625 0.01796875 0.09765625
0 0.54921875 0.2984375 0.01171875 0.078125
0 0.54765625 0.2734375 0.01484375 0.0703125
0 0.55703125 0.25234375 0.0125 0.075
0 0.5703125 0.253125 0.01171875 0.075
0 0.26796875 0.27734375 0.0140625 0.06796875