0 0.7875 0.571875 0.0203125 0.1125
0 0.52265625 0.74140625 0.03125 0.24921875
0 0.7 0.5515625 0.015625 0.12421875
0 0.771875 0.56328125 0.01796875 0.125
0 0.75390625 0.725 0.028125 0.21953125
0 0.72421875 0.55234375 0.01640625 0.1234375
0 0.87734375 0.653125 0.01796875 0.1546875
0 0.584375 0.64921875 0.0421875 0.18203125
0 0.60078125 0.596875 0.0484375 0.1796875
0 0.82578125 0.8140625 0.03984375 0.25546875
0 0.85546875 0.54140625 0.02578125 0.1203125
0 0.88046875 0.57421875 0.01875 0.12890625
0 0.7453125 0.5578125 0.02265625 0.1328125