0 0.65625 0.3671875 0.01875 0.0921875
0 0.74921875 0.35234375 0.01796875 0.0890625
0 0.63046875 0.3765625 0.015625 0.09140625
0 0.53671875 0.31953125 0.01796875 0.08359375
0 0.434375 0.30703125 0.021875 0.06640625
0 0.39375 0.34453125 0.01796875 0.06796875
0 0.371875 0.32578125 0.01875 0.0828125
0 0.41640625 0.33203125 0.015625 0.09296875
0 0.5515625 0.93984375 0.04609375 0.1203125
0 0.13984375 0.85 0.05234375 0.115625
0 0.0828125 0.59453125 0.02890625 0.0765625
0 0.08125 0.67578125 0.04296875 0.10234375