0 0.48828125 0.71640625 0.0328125 0.190625
0 0.7390625 0.64453125 0.03359375 0.19609375
0 0.53671875 0.725 0.028125 0.209375
0 0.23515625 0.8109375 0.0359375 0.25859375
0 0.47265625 0.6671875 0.0296875 0.21640625
0 0.77109375 0.65234375 0.028125 0.17421875
0 0.875 0.496875 0.01328125 0.0984375
0 0.896875 0.49609375 0.01328125 0.06640625
0 0.88671875 0.5359375 0.02578125 0.08671875
0 0.896875 0.4328125 0.01484375 0.059375
0 0.81328125 0.44453125 0.01953125 0.06640625
0 0.0890625 0.78046875 0.05 0.259375