0 0.428125 0.43828125 0.03203125 0.09609375
0 0.51015625 0.33203125 0.0203125 0.07109375
0 0.7125 0.40859375 0.015625 0.08984375
0 0.33203125 0.3484375 0.0203125 0.0765625
0 0.49296875 0.28671875 0.02265625 0.07890625
0 0.21640625 0.40625 0.0171875 0.0828125
0 0.14140625 0.8484375 0.05 0.10234375
0 0.80546875 0.48046875 0.0203125 0.10390625
0 0.8328125 0.490625 0.02109375 0.13515625
0 0.77578125 0.459375 0.01640625 0.0984375
0 0.75703125 0.44453125 0.0203125 0.09296875
0 0.75078125 0.35625 0.02109375 0.08671875
0 0.2875 0.28046875 0.0234375 0.078125