0 0.159375 0.82578125 0.0390625 0.11953125
0 0.2046875 0.67890625 0.03828125 0.13046875
0 0.440625 0.3546875 0.01875 0.0859375
0 0.0828125 0.54140625 0.025 0.07265625
0 0.759375 0.44453125 0.0109375 0.084375
0 0.67890625 0.42421875 0.01015625 0.08359375
0 0.69609375 0.41640625 0.01015625 0.10234375
0 0.6890625 0.3875 0.00859375 0.08671875
0 0.7375 0.4703125 0.01484375 0.11640625
0 0.73984375 0.38203125 0.015625 0.0703125
0 0.75234375 0.34453125 0.01484375 0.08125
0 0.5046875 0.36640625 0.025 0.071875
0 0.50390625 0.31875 0.01640625 0.09453125
0 0.45703125 0.30546875 0.01484375 0.07890625
0 0.09140625 0.68125 0.034375 0.10703125