0 0.4828125 0.32421875 0.01953125 0.07578125
0 0.54140625 0.31328125 0.01796875 0.0703125
0 0.6046875 0.60859375 0.025 0.128125
0 0.65859375 0.5609375 0.03203125 0.1296875
0 0.73515625 0.40703125 0.01796875 0.096875
0 0.75625 0.3578125 0.01328125 0.09921875
0 0.9453125 0.65234375 0.03125 0.128125
0 0.23359375 0.88671875 0.059375 0.1234375
0 0.128125 0.86875 0.05546875 0.12578125
0 0.2015625 0.7546875 0.05 0.1203125
0 0.26015625 0.37734375 0.02890625 0.06875
0 0.28671875 0.36484375 0.021875 0.071875