0 0.15 0.94765625 0.06015625 0.10390625
0 0.415625 0.34453125 0.0265625 0.07578125
0 0.359375 0.33515625 0.01953125 0.08359375
0 0.3375 0.3140625 0.01875 0.0671875
0 0.74609375 0.35546875 0.01875 0.09375
0 0.9125 0.509375 0.01328125 0.0984375
0 0.88046875 0.51875 0.0203125 0.09765625
0 0.834375 0.43046875 0.01796875 0.08828125
0 0.125 0.6046875 0.03046875 0.10390625
0 0.08046875 0.68125 0.0328125 0.103125
0 0.07578125 0.56328125 0.02578125 0.0859375
0 0.08671875 0.54375 0.025 0.08359375
0 0.10078125 0.509375 0.01953125 0.08046875