0 0.37265625 0.4859375 0.02109375 0.10078125
0 0.2265625 0.5328125 0.0296875 0.1078125
0 0.10625 0.8765625 0.05546875 0.140625
0 0.60390625 0.97109375 0.0484375 0.0578125
0 0.8046875 0.6453125 0.01953125 0.11796875
0 0.4578125 0.4046875 0.01328125 0.084375
0 0.096875 0.496875 0.01875 0.06015625
0 0.83203125 0.6328125 0.015625 0.125
0 0.6953125 0.475 0.01640625 0.1140625
0 0.74765625 0.3546875 0.0203125 0.096875
0 0.23359375 0.715625 0.04609375 0.08125
0 0.86796875 0.65625 0.01484375 0.11875
0 0.79296875 0.56015625 0.01171875 0.11484375
0 0.83359375 0.55390625 0.02265625 0.0796875