0 0.7109375 0.4671875 0.015625 0.10234375
0 0.6953125 0.4625 0.015625 0.1046875
0 0.10859375 0.65859375 0.02578125 0.0953125
0 0.70234375 0.684375 0.025 0.128125
0 0.7765625 0.71171875 0.0296875 0.15390625
0 0.51015625 0.3328125 0.01875 0.0765625
0 0.42109375 0.3359375 0.01640625 0.0671875
0 0.7109375 0.3859375 0.0140625 0.084375
0 0.7375 0.79921875 0.02265625 0.12890625
0 0.78671875 0.371875 0.0171875 0.11796875
0 0.71875 0.38671875 0.0171875 0.084375
0 0.7421875 0.43671875 0.0171875 0.09296875
0 0.72890625 0.5046875 0.01484375 0.115625
0 0.7453125 0.34609375 0.01796875 0.0890625
0 0.43125 0.31328125 0.01640625 0.06875
0 0.42109375 0.2921875 0.0078125 0.0390625
0 0.36796875 0.31015625 0.01484375 0.07265625
0 0.3484375 0.30234375 0.015625 0.0625
0 0.34375 0.325 0.0171875 0.0703125