0 0.19765625 0.63359375 0.0328125 0.11640625
0 0.15546875 0.75703125 0.04453125 0.11953125
0 0.45234375 0.33359375 0.021875 0.0734375
0 0.496875 0.33984375 0.02265625 0.0875
0 0.5328125 0.3234375 0.01640625 0.0796875
0 0.70703125 0.33203125 0.02109375 0.075
0 0.73203125 0.303125 0.0171875 0.06796875
0 0.70078125 0.428125 0.02109375 0.07265625
0 0.6796875 0.39296875 0.02265625 0.08515625
0 0.7578125 0.3546875 0.01796875 0.0875
0 0.121875 0.8765625 0.040625 0.10390625
0 0.0765625 0.87265625 0.02890625 0.13203125
0 0.10546875 0.86171875 0.03828125 0.125