0 0.12578125 0.94296875 0.05546875 0.10859375
0 0.45078125 0.33828125 0.0203125 0.07265625
0 0.678125 0.5 0.0125 0.10078125
0 0.3484375 0.3421875 0.0203125 0.08515625
0 0.08671875 0.60625 0.02578125 0.0828125
0 0.7625 0.48984375 0.0140625 0.0984375
0 0.7546875 0.3671875 0.0125 0.10234375
0 0.796875 0.425 0.015625 0.09609375
0 0.72421875 0.540625 0.00859375 0.109375
0 0.7109375 0.51953125 0.0140625 0.11875
0 0.1140625 0.54765625 0.01953125 0.08984375
0 0.15625 0.63359375 0.0296875 0.10078125
0 0.203125 0.63046875 0.0203125 0.10390625
0 0.1953125 0.6 0.01796875 0.10390625