0 0.60625 0.83046875 0.05234375 0.27890625
0 0.43984375 0.7796875 0.046875 0.1953125
0 0.846875 0.4484375 0.0109375 0.06328125
0 0.39296875 0.76796875 0.05 0.27734375
0 0.78515625 0.628125 0.01875 0.16640625
0 0.1296875 0.8984375 0.0796875 0.203125
0 0.090625 0.78515625 0.06953125 0.190625
0 0.8109375 0.62421875 0.01484375 0.19765625
0 0.8296875 0.575 0.02421875 0.1453125
0 0.8671875 0.765625 0.0421875 0.240625
0 0.8703125 0.45390625 0.009375 0.08046875
0 0.8796875 0.44296875 0.0109375 0.06640625
0 0.8890625 0.47578125 0.01484375 0.09921875
0 0.91484375 0.48984375 0.0140625 0.0515625