0 0.1671875 0.91953125 0.05390625 0.14921875
0 0.196875 0.65859375 0.03359375 0.10546875
0 0.803125 0.72109375 0.02578125 0.13515625
0 0.74453125 0.46796875 0.01171875 0.1046875
0 0.38515625 0.35078125 0.01953125 0.0765625
0 0.71484375 0.41796875 0.0125 0.0953125
0 0.49140625 0.30078125 0.01640625 0.07421875
0 0.41484375 0.346875 0.0203125 0.0640625
0 0.54609375 0.2984375 0.01328125 0.06640625
0 0.765625 0.47109375 0.01171875 0.0953125
0 0.86640625 0.57578125 0.01640625 0.10859375
0 0.7828125 0.340625 0.0140625 0.0640625
0 0.75078125 0.35625 0.01015625 0.08203125