0 0.7453125 0.54140625 0.01640625 0.1203125
0 0.21484375 0.87109375 0.0421875 0.2296875
0 0.78046875 0.503125 0.01640625 0.11640625
0 0.70859375 0.58671875 0.01484375 0.1421875
0 0.4734375 0.76328125 0.06171875 0.22109375
0 0.8625 0.55390625 0.0125 0.1125
0 0.88828125 0.57734375 0.0203125 0.13828125
0 0.83359375 0.46640625 0.01015625 0.0796875
0 0.846875 0.46328125 0.0078125 0.07890625
0 0.8609375 0.4765625 0.0078125 0.08203125
0 0.87265625 0.478125 0.01328125 0.07734375
0 0.88671875 0.4828125 0.01328125 0.0890625
0 0.8984375 0.49296875 0.015625 0.06484375