0 0.11875 0.95703125 0.04375 0.0828125
0 0.35546875 0.3453125 0.021875 0.08984375
0 0.1390625 0.8484375 0.0421875 0.12578125
0 0.76015625 0.4640625 0.0125 0.1046875
0 0.2125 0.87265625 0.0640625 0.13671875
0 0.084375 0.95078125 0.04375 0.0984375
0 0.7265625 0.34921875 0.01640625 0.08671875
0 0.484375 0.33359375 0.01484375 0.08671875
0 0.7296875 0.49296875 0.015625 0.11171875
0 0.50390625 0.33359375 0.01328125 0.075
0 0.74453125 0.3546875 0.00625 0.09296875
0 0.7046875 0.3578125 0.01171875 0.06875
0 0.7125 0.3359375 0.01328125 0.0765625
0 0.66328125 0.35703125 0.009375 0.0828125
0 0.67734375 0.39375 0.00859375 0.0953125
0 0.68359375 0.3578125 0.0125 0.08359375
0 0.7 0.47265625 0.0140625 0.10234375
0 0.71953125 0.475 0.0203125 0.103125
0 0.52265625 0.31875 0.01875 0.07265625
0 0.3328125 0.3453125 0.0203125 0.071875
0 0.3125 0.33515625 0.00859375 0.06484375
0 0.1453125 0.6546875 0.028125 0.09375